Temperature (C)	Pressure (MPa)	Density (kg/m3)	Volume (m3/kg)	Internal Energy (kJ/kg)	Enthalpy (kJ/kg)	Entropy (J/g*K)	Cv (J/g*K)	Cp (J/g*K)	Sound Spd. (m/s)	Joule-Thomson (K/MPa)	Viscosity (Pa*s)	Therm. Cond. (W/m*K)	Phase
10.000000	5.0000000	1002.0313	0.00099797278	41.893462	46.883326	0.15061790	4.1710128	4.1769552	1455.2221	-0.23218398	0.0013015832	0.58194943	liquid
20.000000	5.0000000	1000.4396	0.00099956059	83.609136	88.606939	0.29543147	4.1394191	4.1690230	1490.4558	-0.22471984	0.0010001435	0.60087384	liquid
30.000000	5.0000000	997.82171	0.0010021830	125.27139	130.28231	0.43522466	4.1018381	4.1667263	1517.4617	-0.21811502	0.00079715097	0.61707326	liquid
40.000000	5.0000000	994.35518	0.0010056769	166.92327	171.95166	0.57046070	4.0596067	4.1675290	1537.4369	-0.21207693	0.00065335810	0.63107122	liquid
50.000000	5.0000000	990.16137	0.0010099364	208.58935	213.63903	0.70150182	4.0137693	4.1701974	1551.3581	-0.20640391	0.00054750919	0.64316834	liquid
60.000000	5.0000000	985.32683	0.0010148917	250.28564	255.36009	0.82865157	3.9652709	4.1742246	1560.0281	-0.20094314	0.00046721624	0.65354902	liquid
70.000000	5.0000000	979.91508	0.0010204966	292.02521	297.12770	0.95217816	3.9149848	4.1795107	1564.1042	-0.19557122	0.00040482274	0.66233685	liquid
80.000000	5.0000000	973.97353	0.0010267219	333.82127	338.95488	1.0723272	3.8636926	4.1861713	1564.1212	-0.19018403	0.00035536611	0.66962367	liquid
90.000000	5.0000000	967.53774	0.0010335514	375.68867	380.85643	1.1893287	3.8120660	4.1944250	1560.5113	-0.18469054	0.00031550238	0.67548468	liquid
100.00000	5.0000000	960.63413	0.0010409790	417.64466	422.84956	1.3034004	3.7606584	4.2045323	1553.6230	-0.17900820	0.00028290469	0.67998602	liquid
110.00000	5.0000000	953.28173	0.0010490078	459.70912	464.95416	1.4147498	3.7099088	4.2167663	1543.7359	-0.17305921	0.00025590987	0.68318840	liquid
120.00000	5.0000000	945.49327	0.0010576490	501.90465	507.19289	1.5235757	3.6601528	4.2314034	1531.0739	-0.16676710	0.00023330180	0.68514841	liquid
130.00000	5.0000000	937.27590	0.0010669217	544.25657	549.59118	1.6300686	3.6116371	4.2487255	1515.8151	-0.16005351	0.00021417357	0.68591889	liquid
140.00000	5.0000000	928.63164	0.0010768533	586.79307	592.17734	1.7344123	3.5645355	4.2690294	1498.1002	-0.15283505	0.00019783722	0.68554871	liquid
150.00000	5.0000000	919.55747	0.0010874796	629.54538	634.98278	1.8367846	3.5189643	4.2926398	1478.0385	-0.14501993	0.00018376284	0.68408237	liquid
160.00000	5.0000000	910.04534	0.0010988464	672.54815	678.04238	1.9373593	3.4749959	4.3199267	1455.7116	-0.13650429	0.00017153659	0.68165054	liquid
170.00000	5.0000000	900.08191	0.0011110100	715.83996	721.39501	2.0363069	3.4326715	4.3513255	1431.1768	-0.12716778	0.00016083117	0.67854589	liquid
180.00000	5.0000000	889.64810	0.0011240399	759.46414	765.08434	2.1337977	3.3920117	4.3873627	1404.4680	-0.11686819	0.00015138458	0.67429130	liquid
190.00000	5.0000000	878.71835	0.0011380211	803.46977	809.15988	2.2300031	3.3530261	4.4286886	1375.5960	-0.10543445	0.00014298467	0.66905486	liquid
200.00000	5.0000000	867.25955	0.0011530574	847.91316	853.67844	2.3250996	3.3157223	4.4761215	1344.5466	-0.092657254	0.00013545769	0.66287244	liquid
210.00000	5.0000000	855.22956	0.0011692767	892.85974	898.70612	2.4192717	3.2801140	4.5307097	1311.2777	-0.078276065	0.00012865959	0.65576199	liquid
220.00000	5.0000000	842.57501	0.0011868379	938.38681	944.32100	2.5127171	3.2462311	4.5938211	1275.7135	-0.061960514	0.00012246941	0.64773060	liquid
230.00000	5.0000000	829.22821	0.0012059406	984.58726	990.61696	2.6056536	3.2141300	4.6672800	1237.7359	-0.043282960	0.00011678402	0.63877527	liquid
240.00000	5.0000000	815.10244	0.0012268397	1031.5751	1037.7093	2.6983278	3.1839097	4.7535809	1197.1706	-0.021676582	0.00011151381	0.62888166	liquid
250.00000	5.0000000	800.08500	0.0012498672	1079.4936	1085.7429	2.7910297	3.1557332	4.8562400	1153.7663	0.0036311364	0.00010657892	0.61802133	liquid
260.00000	5.0000000	784.02603	0.0012754679	1128.5281	1134.9055	2.8841132	3.1298639	4.9804019	1107.1607	0.033728828	0.00010190570	0.60614703	liquid
263.94072	5.0000000	777.36895	0.0012863905	1148.2095	1154.6415	2.9209946	3.1203891	5.0368357	1087.8068	0.047232036	0.00010012036	0.60117408	liquid
263.94072	5.0000000	25.351198	0.039445867	2596.9759	2794.2053	5.9736702	2.5922144	4.4380100	498.04255	14.361712	1.7964001e-05	0.054768447	vapor
270.00000	5.0000000	24.650616	0.040566938	2616.9949	2819.8296	6.0211167	2.4251573	4.0469388	506.70657	13.960827	1.8282961e-05	0.054420154	vapor
280.00000	5.0000000	23.655345	0.042273744	2646.7187	2858.0875	6.0909244	2.2546004	3.6379709	518.77507	13.269457	1.8797647e-05	0.054155512	vapor
290.00000	5.0000000	22.802118	0.043855575	2673.7640	2893.0419	6.1535588	2.1436405	3.3686804	529.25291	12.593340	1.9300558e-05	0.054139729	vapor
300.00000	5.0000000	22.052541	0.045346248	2698.9689	2925.7002	6.2110471	2.0624112	3.1722115	538.73885	11.950427	1.9793825e-05	0.054297707	vapor
310.00000	5.0000000	21.382941	0.046766252	2722.8051	2956.6363	6.2645611	1.9995622	3.0211938	547.50835	11.344532	2.0278942e-05	0.054588558	vapor
320.00000	5.0000000	20.777259	0.048129545	2745.5806	2986.2283	6.3148788	1.9496310	2.9016236	555.71680	10.775691	2.0757029e-05	0.054986338	vapor
330.00000	5.0000000	20.223971	0.049446274	2767.5140	3014.7454	6.3625577	1.9094123	2.8051177	563.46658	10.242724	2.1228960e-05	0.055473097	vapor
340.00000	5.0000000	19.714489	0.050724114	2788.7683	3042.3889	6.4080156	1.8767640	2.7261407	570.83181	9.7439436	2.1695438e-05	0.056035709	vapor
350.00000	5.0000000	19.242230	0.051969028	2809.4685	3069.3136	6.4515748	1.8501444	2.6608132	577.86907	9.2774100	2.2157037e-05	0.056664174	vapor
360.00000	5.0000000	18.802030	0.053185745	2829.7124	3095.6412	6.4934897	1.8283968	2.6063109	584.62293	8.8410740	2.2614233e-05	0.057350640	vapor
370.00000	5.0000000	18.389764	0.054378078	2849.5784	3121.4688	6.5339642	1.8106319	2.5605223	591.12919	8.4328665	2.3067430e-05	0.058088773	vapor
380.00000	5.0000000	18.002079	0.055549139	2869.1295	3146.8752	6.5731641	1.7961540	2.5218364	597.41708	8.0507604	2.3516967e-05	0.058873364	vapor
10.000000	10.000000	1004.3831	0.00099563605	41.762147	51.718507	0.15009229	4.1516835	4.1591746	1463.3673	-0.23184235	0.0012974126	0.58512368	liquid
20.000000	10.000000	1002.6946	0.00099731263	83.307574	93.280700	0.29434531	4.1223053	4.1542627	1498.7346	-0.22450572	0.00099877698	0.60374461	liquid
30.000000	10.000000	1000.0159	0.00099998411	124.81859	134.81843	0.43367664	4.0865414	4.1538139	1525.9191	-0.21802405	0.00079713865	0.61976888	liquid
40.000000	10.000000	996.51515	0.0010034970	166.32992	176.36489	0.56851374	4.0458612	4.1557728	1546.1028	-0.21210466	0.00065403164	0.63367550	liquid
50.000000	10.000000	992.30800	0.0010077516	207.86104	217.93855	0.69919737	4.0013778	4.1591516	1560.2589	-0.20654795	0.00054853798	0.64573782	liquid
60.000000	10.000000	987.47724	0.0010126816	249.42456	259.55138	0.82601722	3.9540766	4.1635785	1569.1911	-0.20120395	0.00046842799	0.65612295	liquid
70.000000	10.000000	982.08393	0.0010182429	291.03109	301.21352	0.94923190	3.9048576	4.1690305	1573.5588	-0.19595227	0.00040612426	0.66494320	liquid
80.000000	10.000000	976.17393	0.0010244076	332.69185	342.93593	1.0690800	3.8545216	4.1756673	1573.8992	-0.19069194	0.00035670583	0.67228298	liquid
90.000000	10.000000	969.78187	0.0010311597	374.42003	384.73162	1.1857859	3.8037547	4.1837318	1570.6473	-0.18533516	0.00031685157	0.67821258	liquid
100.00000	10.000000	962.93375	0.0010384930	416.23130	426.61623	1.2995628	3.7531222	4.1934951	1564.1543	-0.17980290	0.00028424762	0.68279496	liquid
110.00000	10.000000	955.64853	0.0010464098	458.14400	468.60810	1.4106141	3.7030722	4.2052311	1554.7029	-0.17402118	0.00025723848	0.68608881	liquid
120.00000	10.000000	947.93928	0.0010549199	500.17913	510.72832	1.5191347	3.6539480	4.2192095	1542.5204	-0.16791791	0.00023461259	0.68814961	liquid
130.00000	10.000000	939.81380	0.0010640406	542.36025	553.00066	1.6253113	3.6060023	4.2356981	1527.7893	-0.16141992	0.00021546592	0.68902972	liquid
140.00000	10.000000	931.27509	0.0010737966	584.71360	595.45157	1.7293236	3.5594139	4.2549717	1510.6554	-0.15444999	0.00019911231	0.68877808	liquid
150.00000	10.000000	922.32150	0.0010842206	627.26815	638.11036	1.8313453	3.5143025	4.2773252	1491.2335	-0.14692394	0.00018502307	0.68743971	liquid
160.00000	10.000000	912.94677	0.0010953541	670.05589	681.00943	1.9315451	3.4707428	4.3030879	1469.6130	-0.13874737	0.00017278522	0.68505520	liquid
170.00000	10.000000	903.13985	0.0011072482	713.11226	724.18474	2.0300881	3.4287770	4.3326415	1445.8599	-0.12981198	0.00016207209	0.68209978	liquid
180.00000	10.000000	892.88459	0.0011199656	756.47675	767.67640	2.1271378	3.3884249	4.3664412	1420.0195	-0.11999108	0.00015262228	0.67802001	liquid
190.00000	10.000000	882.15917	0.0011335823	800.19373	811.52955	2.2228580	3.3496938	4.4050417	1392.1163	-0.10913391	0.00014422421	0.67296035	liquid
200.00000	10.000000	870.93528	0.0011481909	844.31361	855.79552	2.3174150	3.3125859	4.4491316	1362.1541	-0.097058313	0.00013670474	0.66696804	liquid
210.00000	10.000000	859.17702	0.0011639045	888.89431	900.53335	2.4109810	3.2771066	4.4995801	1330.1137	-0.083540603	0.00012992063	0.66006620	liquid
220.00000	10.000000	846.83922	0.0011808617	934.00338	945.81199	2.5037378	3.2432722	4.5575023	1295.9495	-0.068301645	0.00012375191	0.65226685	liquid
230.00000	10.000000	833.86521	0.0011992346	979.72077	991.71312	2.5958819	3.2111187	4.6243563	1259.5839	-0.050986750	0.00011809678	0.64357288	liquid
240.00000	10.000000	820.18347	0.0012192394	1026.1429	1038.3353	2.6876312	3.1807130	4.7020885	1220.8984	-0.031136005	0.00011286745	0.63397761	liquid
250.00000	10.000000	805.70277	0.0012411525	1073.3884	1085.7999	2.7792352	3.1521681	4.7933646	1179.7207	-0.0081389505	0.00010798673	0.62346312	liquid
260.00000	10.000000	790.30474	0.0012653347	1121.6067	1134.2601	2.8709893	3.1256667	4.9019474	1135.8042	0.018837243	0.00010338484	0.61199721	liquid
270.00000	10.000000	773.83221	0.0012922698	1170.9919	1183.9146	2.9632571	3.1014979	5.0333488	1088.7961	0.050966657	9.8996321e-05	0.59952816	liquid
280.00000	10.000000	756.06981	0.0013226292	1221.8045	1235.0308	3.0565073	3.0801229	5.1960243	1038.1860	0.089972081	9.4756401e-05	0.58597620	liquid
290.00000	10.000000	736.70992	0.0013573864	1274.4103	1287.9841	3.1513773	3.0622993	5.4037335	983.21448	0.13851216	9.0595977e-05	0.57121847	liquid
300.00000	10.000000	715.28753	0.0013980392	1329.3536	1343.3340	3.2487938	3.0493429	5.6807065	922.69911	0.20097105	8.6433257e-05	0.55506172	liquid
310.00000	10.000000	691.04120	0.0014470917	1387.5114	1401.9823	3.3502280	3.0437667	6.0747071	854.64918	0.28528651	8.2157015e-05	0.53718814	liquid
310.99715	10.000000	688.42369	0.0014525938	1393.5380	1408.0639	3.3606480	3.0437831	6.1236999	847.32987	0.29540047	8.1718425e-05	0.53529340	liquid
310.99715	10.000000	55.463085	0.018030010	2545.1923	2725.4924	5.6159504	3.1064898	7.1408224	472.50593	9.9123935	2.0194368e-05	0.078343624	vapor
320.00000	10.000000	51.894195	0.019269978	2590.0992	2782.7990	5.7133317	2.7802526	5.7532468	491.62148	9.6651971	2.0663874e-05	0.074155493	vapor
330.00000	10.000000	48.913115	0.020444414	2631.3466	2835.7908	5.8019459	2.5659602	4.9174809	508.21471	9.3295911	2.1177272e-05	0.071579700	vapor
340.00000	10.000000	46.539011	0.021487350	2667.2616	2882.1351	5.8781650	2.4182019	4.3857569	522.17337	8.9792750	2.1681605e-05	0.070041189	vapor
350.00000	10.000000	44.563940	0.022439668	2699.6270	2924.0237	5.9459391	2.3071335	4.0117083	534.44011	8.6304207	2.2177402e-05	0.069106668	vapor
360.00000	10.000000	42.872719	0.023324856	2729.4359	2962.6845	6.0074933	2.2201088	3.7331125	545.48952	8.2891824	2.2665392e-05	0.068572167	vapor
370.00000	10.000000	41.394107	0.024158028	2757.3152	2998.8955	6.0642427	2.1503417	3.5178081	555.60582	7.9584890	2.3146294e-05	0.068324568	vapor
380.00000	10.000000	40.080782	0.024949613	2783.6921	3033.1882	6.1171557	2.0935959	3.3470098	564.97863	7.6399175	2.3620755e-05	0.068294332	vapor
10.000000	15.000000	1006.7096	0.00099333507	41.626252	56.526278	0.14951083	4.1329738	4.1421665	1471.5462	-0.23148701	0.0012934765	0.58823519	liquid
20.000000	15.000000	1004.9262	0.00099509795	83.007161	97.933630	0.29322614	4.1056840	4.1400658	1507.0175	-0.22427895	0.00099752696	0.60656599	liquid
30.000000	15.000000	1002.1873	0.00099781747	124.37144	139.33870	0.43211232	4.0716448	4.1413431	1534.3565	-0.21792033	0.00079718699	0.62242402	liquid
40.000000	15.000000	998.65233	0.0010013495	165.74604	180.76628	0.56656352	4.0324454	4.1443842	1554.7281	-0.21211861	0.00065473699	0.63624543	liquid
50.000000	15.000000	994.43131	0.0010055999	207.14567	222.22967	0.69690046	3.9892607	4.1484285	1569.1008	-0.20667641	0.00054958271	0.64827721	liquid
60.000000	15.000000	989.60337	0.0010105059	248.57975	263.73734	0.82339981	3.9431126	4.1532298	1578.2780	-0.20144659	0.00046964648	0.65866969	liquid
70.000000	15.000000	984.22719	0.0010160256	290.05655	305.29694	0.94631120	3.8949248	4.1588371	1582.9207	-0.19631178	0.00040742692	0.66752430	liquid
80.000000	15.000000	978.34704	0.0010221322	331.58545	346.91743	1.0658666	3.8455155	4.1654515	1583.5677	-0.19117405	0.00035804311	0.67491820	liquid
90.000000	15.000000	971.99663	0.0010288102	373.17806	388.61021	1.1822851	3.7955841	4.1733386	1580.6562	-0.18594872	0.00031819590	0.68091692	liquid
100.00000	15.000000	965.20145	0.0010360531	414.84859	430.38939	1.2957756	3.7457064	4.1827798	1574.5395	-0.18056004	0.00028558396	0.68558029	liquid
110.00000	15.000000	957.98040	0.0010438627	456.61396	472.27190	1.4065378	3.6963394	4.1940506	1565.5031	-0.17493761	0.00025855910	0.68896504	liquid
120.00000	15.000000	950.34677	0.0010522475	498.49367	514.27738	1.5147627	3.6478331	4.2074147	1553.7771	-0.16901338	0.00023591420	0.69112554	liquid
130.00000	15.000000	942.30891	0.0010612231	540.50968	556.42803	1.6206337	3.6004463	4.2231279	1539.5477	-0.16271882	0.00021674795	0.69211367	liquid
140.00000	15.000000	933.87068	0.0010708121	582.68644	598.74862	1.7243268	3.5543622	4.2414464	1522.9646	-0.15598229	0.00020037593	0.69197838	liquid
150.00000	15.000000	925.03162	0.0010810441	625.05087	641.26653	1.8260117	3.5097040	4.2626390	1504.1481	-0.14872635	0.00018627057	0.69076511	liquid
160.00000	15.000000	915.78702	0.0010919569	667.63260	684.01196	1.9258526	3.4665490	4.2870002	1483.1936	-0.14086490	0.00017401970	0.68851530	liquid
170.00000	15.000000	906.12786	0.0011035970	710.46426	727.01821	2.0240098	3.4249404	4.3148663	1460.1747	-0.13230009	0.00016329726	0.68560072	liquid
180.00000	15.000000	896.04049	0.0011160210	753.58196	770.32227	2.1206410	3.3848981	4.3466325	1435.1458	-0.12291849	0.00015384232	0.68170217	liquid
190.00000	15.000000	885.50631	0.0011292974	797.02598	813.96544	2.2159029	3.3464275	4.3827743	1408.1432	-0.11258656	0.00014544381	0.67681499	liquid
200.00000	15.000000	874.50109	0.0011435092	840.84164	857.99427	2.3099535	3.3095271	4.4238748	1379.1851	-0.10114467	0.00013792911	0.67100563	liquid
210.00000	15.000000	862.99413	0.0011587564	885.08051	902.46186	2.4029544	3.2741959	4.4706595	1348.2704	-0.088399293	0.00013115561	0.66430284	liquid
220.00000	15.000000	850.94705	0.0011751613	929.80202	947.42944	2.4950741	3.2404399	4.5240458	1315.3776	-0.074112356	0.00012500412	0.65672312	liquid
230.00000	15.000000	838.31207	0.0011928732	975.07557	992.96867	2.5864918	3.2082797	4.5852115	1280.4599	-0.057986286	0.00011937387	0.64827433	liquid
240.00000	15.000000	825.02965	0.0012120777	1020.9835	1039.1647	2.6774027	3.1777586	4.6556970	1243.4407	-0.039642605	0.00011417849	0.63895604	liquid
250.00000	15.000000	811.02502	0.0012330076	1067.6253	1086.1204	2.7680249	3.1489539	4.7375597	1204.2047	-0.018590279	0.00010934271	0.62875866	liquid
260.00000	15.000000	796.20319	0.0012559608	1115.1237	1133.9631	2.8586100	3.1219921	4.8336171	1162.5858	0.0058224707	0.00010479952	0.61766142	liquid
270.00000	15.000000	780.44123	0.0012813265	1163.6333	1182.8532	2.9494578	3.0970727	4.9478445	1118.3484	0.034484186	0.00010048756	0.60562908	liquid
280.00000	15.000000	763.57633	0.0013096268	1213.3552	1232.9996	3.0409396	3.0745058	5.0860578	1071.1595	0.068645099	9.6348368e-05	0.59260649	liquid
290.00000	15.000000	745.38599	0.0013415868	1264.5595	1284.6833	3.1335358	3.0547779	5.2571536	1020.5429	0.11013296	9.2323101e-05	0.57850959	liquid
300.00000	15.000000	725.55360	0.0013782579	1317.6253	1338.2992	3.2279017	3.0386753	5.4755349	965.80342	0.16175011	8.8347846e-05	0.56320998	liquid
310.00000	15.000000	703.60353	0.0014212549	1373.1143	1394.4331	3.3249892	3.0275400	5.7663379	905.88329	0.22806780	8.4345798e-05	0.54650715	liquid
320.00000	15.000000	678.76513	0.0014732637	1431.9251	1454.0241	3.4263012	3.0238778	6.1783722	839.05421	0.31721694	8.0211724e-05	0.52807440	liquid
330.00000	15.000000	649.63676	0.0015393218	1495.6694	1518.7592	3.5345144	3.0331263	6.8239184	762.07726	0.44576783	7.5774209e-05	0.50734369	liquid
340.00000	15.000000	613.07346	0.0016311259	1567.8937	1592.3606	3.6555148	3.0709692	8.0594021	666.91684	0.65740145	7.0669938e-05	0.48324309	liquid
342.15539	15.000000	603.51798	0.0016569515	1585.3461	1610.2004	3.6845587	3.0873137	8.5132200	641.99632	0.72522664	6.9402577e-05	0.47743809	liquid
342.15539	15.000000	96.727101	0.010338364	2455.6217	2610.6971	5.3105752	3.5825699	12.966530	437.52605	7.5333047	2.2715777e-05	0.11919161	vapor
350.00000	15.000000	87.100402	0.011481003	2520.9001	2693.1151	5.4437287	3.1427031	8.8166919	464.83986	7.5207339	2.2907748e-05	0.10185592	vapor
360.00000	15.000000	79.476368	0.012582357	2580.9410	2769.6764	5.5656577	2.8461106	6.7616041	488.78104	7.3785392	2.3277270e-05	0.092406163	vapor
370.00000	15.000000	74.115235	0.013492503	2629.0545	2831.4421	5.6624701	2.6526165	5.6848063	507.41038	7.1890889	2.3694020e-05	0.087377430	vapor
380.00000	15.000000	69.983766	0.014289028	2670.3237	2884.6591	5.7445913	2.5104400	5.0037282	523.04406	6.9807047	2.4129367e-05	0.084305562	vapor
10.000000	20.000000	1009.0115	0.00099106903	41.485923	61.307304	0.14887523	4.1148574	4.1258967	1479.7608	-0.23111924	0.0012897717	0.59128522	liquid
20.000000	20.000000	1007.1348	0.00099291577	82.707814	102.56613	0.29207478	4.0895382	4.1264118	1515.3066	-0.22404044	0.00099639269	0.60933899	liquid
30.000000	20.000000	1004.3364	0.00099568234	123.92969	143.84334	0.43053192	4.0571364	4.1292999	1542.7762	-0.21780462	0.00079729597	0.62503952	liquid
40.000000	20.000000	1000.7672	0.00099923337	165.17127	185.15594	0.56460985	4.0193506	4.1333520	1563.3152	-0.21211953	0.00065547444	0.63878171	liquid
50.000000	20.000000	996.53185	0.0010034802	206.44277	226.51238	0.69461056	3.9774115	4.1380182	1577.8865	-0.20679009	0.00055064379	0.65078712	liquid
60.000000	20.000000	991.70588	0.0010083635	247.75062	267.91789	0.82079854	3.9323737	4.1431689	1587.2922	-0.20167202	0.00047087216	0.66118985	liquid
70.000000	20.000000	986.34559	0.0010138434	289.10088	309.37775	0.94341494	3.8851823	4.1489205	1592.1937	-0.19665091	0.00040873120	0.67008072	liquid
80.000000	20.000000	980.49371	0.0010198944	330.50121	350.89909	1.0626855	3.8366712	4.1555127	1593.1313	-0.19163180	0.00035937846	0.67752990	liquid
90.000000	20.000000	974.18298	0.0010265012	371.96173	392.49176	1.1788245	3.7875517	4.1632325	1590.5434	-0.18653302	0.00031953591	0.68359828	liquid
100.00000	20.000000	967.43838	0.0010336576	413.49533	434.16848	1.2920367	3.7384092	4.1723713	1584.7853	-0.18128190	0.00028691425	0.68834263	liquid
110.00000	20.000000	960.27868	0.0010413644	455.11755	475.94484	1.4025182	3.6897086	4.1832063	1576.1444	-0.17581140	0.00025987233	0.69181779	liquid
120.00000	20.000000	952.71731	0.0010496293	496.84654	517.83912	1.5104567	3.6418067	4.1959965	1564.8533	-0.17005716	0.00023720726	0.69407699	liquid
130.00000	20.000000	944.76311	0.0010584664	538.70278	559.87210	1.6160321	3.5949676	4.2109870	1551.1012	-0.16395493	0.00021802035	0.69517164	liquid
140.00000	20.000000	936.42066	0.0010678961	580.70907	602.06700	1.7194173	3.5493790	4.2284180	1535.0415	-0.15743805	0.00020162883	0.69515066	liquid
150.00000	20.000000	927.69054	0.0010779457	622.89050	644.44942	1.8207781	3.5051675	4.2485355	1516.7986	-0.15043509	0.00018750620	0.69405987	liquid
160.00000	20.000000	918.56943	0.0010886493	665.27455	687.04754	1.9202751	3.4624127	4.2716047	1496.4733	-0.14286729	0.00017524103	0.69194140	liquid
170.00000	20.000000	909.05002	0.0011000495	707.89134	729.89233	2.0180639	3.4211594	4.2979225	1474.1455	-0.13464588	0.00016450779	0.68902888	liquid
180.00000	20.000000	899.12090	0.0011121975	750.77401	773.01796	2.1142969	3.3814279	4.3278337	1449.8775	-0.12566890	0.00015504602	0.68533860	liquid
190.00000	20.000000	888.76621	0.0011251553	793.95924	816.46234	2.2091250	3.3432222	4.3617478	1423.7149	-0.11581743	0.00014664504	0.68062111	liquid
200.00000	20.000000	877.96521	0.0011389973	837.48796	860.26790	2.3026988	3.3065384	4.4001609	1395.6878	-0.10495076	0.00013913269	0.67498855	liquid
210.00000	20.000000	866.69160	0.0011538130	881.40631	904.48257	2.3951708	3.2713705	4.4436828	1365.8101	-0.092900294	0.00013236685	0.66847640	liquid
220.00000	20.000000	854.91261	0.0011697102	925.76689	949.16110	2.4866985	3.2377168	4.4930733	1334.0786	-0.079461246	0.00012622896	0.66110539	liquid
230.00000	20.000000	842.58778	0.0011868200	970.63037	994.36677	2.5774468	3.2055860	4.5492933	1300.4711	-0.064381440	0.00012061907	0.65288771	liquid
240.00000	20.000000	829.66713	0.0012053027	1016.0677	1040.1738	2.6675923	3.1750039	4.6135763	1264.9425	-0.047345560	0.00011545187	0.64382816	liquid
250.00000	20.000000	816.08879	0.0012253569	1062.1634	1086.6705	2.7573288	3.1460215	4.6875343	1227.4197	-0.027952598	0.00011065354	0.63392378	liquid
260.00000	20.000000	801.77546	0.0012472320	1109.0192	1133.9638	2.8468742	3.1187257	4.7733181	1187.7942	-0.0056826625	0.00010615909	0.62316274	liquid
270.00000	20.000000	786.62929	0.0012712468	1156.7610	1182.1859	2.9364811	3.0932548	4.8738687	1145.9108	0.020153269	0.00010191005	0.61152217	liquid
280.00000	20.000000	770.52421	0.0012978178	1205.5477	1231.5040	3.0264521	3.0698213	4.9933246	1101.5519	0.050491954	9.7852194e-05	0.59896471	liquid
290.00000	20.000000	753.29385	0.0013275032	1255.5852	1282.1352	3.1171632	3.0487492	5.1377151	1054.4140	0.086645561	9.3933178e-05	0.58543290	liquid
300.00000	20.000000	734.71208	0.0013610774	1307.1498	1334.3714	3.2091018	3.0305372	5.3162019	1004.0716	0.13051878	9.0099586e-05	0.57084011	liquid
310.00000	20.000000	714.45947	0.0013996595	1360.6276	1388.6208	3.3029312	3.0159742	5.5434643	949.91909	0.18499984	8.6292705e-05	0.55505517	liquid
320.00000	20.000000	692.06149	0.0014449583	1416.5859	1445.4850	3.3996095	3.0063732	5.8447158	891.06622	0.25472112	8.2441507e-05	0.53787527	liquid
330.00000	20.000000	666.76299	0.0014997833	1475.9198	1505.9155	3.5006310	3.0041034	6.2677435	826.11714	0.34771336	7.8449051e-05	0.51897459	liquid
340.00000	20.000000	637.23065	0.0015692905	1540.1955	1571.5813	3.6085953	3.0140518	6.9183718	752.57270	0.47970550	7.4160704e-05	0.49779885	liquid
350.00000	20.000000	600.63638	0.0016649008	1612.6957	1645.9938	3.7289516	3.0490532	8.1068758	664.67311	0.68906664	6.9265489e-05	0.47333121	liquid
360.00000	20.000000	548.00906	0.0018247874	1703.5999	1740.0957	3.8786952	3.1671450	11.475441	542.58955	1.1204572	6.2793754e-05	0.44390211	liquid
365.74926	20.000000	490.18784	0.0020400343	1786.4129	1827.2135	4.0156004	3.5181080	22.997204	413.72402	1.8451974	5.6219790e-05	0.43213802	liquid
365.74926	20.000000	170.49669	0.0058652165	2295.0422	2412.3465	4.9314458	4.2430505	45.550230	384.12785	5.5134928	2.7401160e-05	0.25043179	vapor
370.00000	20.000000	144.43723	0.0069234226	2388.0643	2526.5327	5.1096612	3.6222049	18.632557	421.09390	5.8467099	2.6286217e-05	0.16836243	vapor
380.00000	20.000000	121.06632	0.0082599356	2494.2364	2659.4351	5.3148695	3.1377102	10.212754	461.46431	5.9884399	2.5822667e-05	0.12669676	vapor
10.000000	30.000000	1013.5423	0.00098663867	41.192546	70.791706	0.14744833	4.0803054	4.0954420	1496.3017	-0.23035136	0.0012830434	0.59720583	liquid
20.000000	30.000000	1011.4844	0.00098864600	82.112034	111.77141	0.28967867	4.0586076	4.1006535	1531.9096	-0.22353169	0.00099446789	0.61474368	liquid
30.000000	30.000000	1008.5693	0.00099150354	123.06156	152.80666	0.42732393	4.0292383	4.1064413	1559.5690	-0.21754016	0.00079769565	0.63015475	liquid
40.000000	30.000000	1004.9320	0.00099509223	164.04772	193.90048	0.56069167	3.9940902	4.1123136	1580.3831	-0.21208519	0.00065704665	0.64375609	liquid
50.000000	30.000000	1000.6668	0.00099933365	205.07260	235.05261	0.69005004	3.9544912	4.1180976	1595.2990	-0.20697626	0.00055281649	0.65572097	liquid
60.000000	30.000000	995.84245	0.0010041749	246.13715	276.26239	0.81564146	3.9115517	4.1238739	1605.1137	-0.20207482	0.00047334682	0.66615262	liquid
70.000000	30.000000	990.51059	0.0010095803	287.24344	317.53085	0.93769177	3.8662531	4.1298797	1610.4872	-0.19727230	0.00041134647	0.67512166	liquid
80.000000	30.000000	984.71088	0.0010155265	328.39599	358.86178	1.0564154	3.8194557	4.1364249	1611.9602	-0.19247947	0.00036204528	0.68268488	liquid
90.000000	30.000000	978.47409	0.0010219995	369.60225	400.26223	1.1720177	3.7718913	4.1438349	1609.9727	-0.18762032	0.00032220494	0.68889423	liquid
100.00000	30.000000	971.82413	0.0010289928	410.87262	441.74240	1.2846960	3.7241620	4.1524197	1604.8820	-0.18262794	0.00028955874	0.69380069	liquid
110.00000	30.000000	964.77933	0.0010365065	452.22029	483.31548	1.3946399	3.6767467	4.1624604	1596.9781	-0.17744133	0.00026247876	0.69745535	liquid
120.00000	30.000000	957.35331	0.0010445465	493.66091	524.99730	1.5020310	3.6300139	4.1742087	1586.4976	-0.17200276	0.00023977006	0.69990931	liquid
130.00000	30.000000	949.55557	0.0010531242	535.21238	566.80611	1.6070435	3.5842376	4.1878928	1573.6339	-0.16625543	0.00022053879	0.70121294	liquid
140.00000	30.000000	941.39191	0.0010622568	576.89462	608.76233	1.7098439	3.5396135	4.2037261	1558.5459	-0.16014132	0.00020410524	0.70141503	liquid
150.00000	30.000000	932.86459	0.0010719669	618.72949	650.88849	1.8105920	3.4962750	4.2219184	1541.3651	-0.15359917	0.00018994491	0.70056200	liquid
160.00000	30.000000	923.97254	0.0010822833	660.74078	693.20928	1.9094413	3.4543066	4.2426862	1522.2001	-0.14656254	0.00017764766	0.69869719	liquid
170.00000	30.000000	914.71133	0.0010932411	702.95435	735.75158	2.0065398	3.4137563	4.2662648	1501.1410	-0.13895764	0.00016688892	0.69586036	liquid
180.00000	30.000000	905.07316	0.0011048831	745.39833	778.54482	2.1020313	3.3746458	4.2929192	1478.2618	-0.13070111	0.00015740897	0.69247055	liquid
190.00000	30.000000	895.04665	0.0011172602	788.10343	821.62124	2.1960563	3.3369786	4.3229566	1453.6228	-0.12169735	0.00014899780	0.68809509	liquid
200.00000	30.000000	884.61663	0.0011304332	831.10344	865.01644	2.2887536	3.3007475	4.3567410	1427.2715	-0.11183534	0.00014148391	0.68280163	liquid
210.00000	30.000000	873.76373	0.0011444741	874.43577	908.77000	2.3802615	3.2659403	4.3947094	1399.2438	-0.10098468	0.00013472594	0.67664935	liquid
220.00000	30.000000	862.46392	0.0011594688	918.14227	952.92633	2.4707197	3.2325447	4.4373938	1369.5635	-0.088990557	0.00012860623	0.66966795	liquid
230.00000	30.000000	850.68773	0.0011755195	962.27017	997.53575	2.5602713	3.2005537	4.4854482	1338.2423	-0.075667096	0.00012302598	0.66187705	liquid
240.00000	30.000000	838.39939	0.0011927490	1006.8734	1042.6559	2.6490653	3.1699695	4.5396868	1305.2783	-0.060788520	0.00011790133	0.65328963	liquid
250.00000	30.000000	825.55548	0.0012113056	1052.0143	1088.3535	2.7372599	3.1408088	4.6011359	1270.6543	-0.044077092	0.00011316043	0.64391270	liquid
260.00000	30.000000	812.10321	0.0012313706	1097.7659	1134.7070	2.8250262	3.1131085	4.6711081	1234.3349	-0.025186344	0.00010874091	0.63374722	liquid
270.00000	30.000000	797.97798	0.0012531674	1144.2147	1181.8097	2.9125535	3.0869331	4.7513101	1196.2626	-0.0036773261	0.00010458787	0.62278728	liquid
280.00000	30.000000	783.09998	0.0012769762	1191.4654	1229.7747	3.0000569	3.0623838	4.8440039	1156.3526	0.021015786	0.00010065215	0.61101872	liquid
290.00000	30.000000	767.36929	0.0013031535	1239.6469	1278.7415	3.0877868	3.0396128	4.9522533	1114.4859	0.049636589	9.6888668e-05	0.59841692	liquid
300.00000	30.000000	750.65867	0.0013321634	1288.9207	1328.8856	3.1760444	3.0188428	5.0803138	1070.5005	0.083183715	9.3254870e-05	0.58494331	liquid
310.00000	30.000000	732.80269	0.0013646238	1339.4951	1380.4338	3.2652033	3.0003972	5.2342692	1024.1807	0.12303151	8.9708938e-05	0.57054005	liquid
320.00000	30.000000	713.58079	0.0014013830	1391.6453	1433.6868	3.3557442	2.9847491	5.4231214	975.24327	0.17112510	8.6207623e-05	0.55512166	liquid
330.00000	30.000000	692.68964	0.0014436480	1445.7485	1489.0579	3.4483114	2.9726019	5.6607599	923.31964	0.23030992	8.2703206e-05	0.53856161	liquid
340.00000	30.000000	669.69591	0.0014932150	1502.3419	1547.1383	3.5438101	2.9650363	5.9698241	867.92580	0.30492561	7.9138744e-05	0.52067005	liquid
350.00000	30.000000	643.94808	0.0015529202	1562.2340	1608.8216	3.6435901	2.9638016	6.3902426	808.38861	0.40199158	7.5439573e-05	0.50115483	liquid
360.00000	30.000000	614.38979	0.0016276312	1626.7401	1675.5690	3.7498398	2.9719890	7.0015097	743.62213	0.53394685	7.1495391e-05	0.47954826	liquid
370.00000	30.000000	579.09072	0.0017268451	1698.2742	1750.0796	3.8665823	2.9959118	7.9903302	671.60573	0.72575261	6.7115041e-05	0.45505340	liquid
380.00000	30.000000	533.93018	0.0018729040	1782.0370	1838.2242	4.0025425	3.0509597	9.8609249	589.41753	1.0318518	6.1904553e-05	0.42619353	supercritical
10.000000	50.000000	1022.3226	0.00097816482	40.559101	89.467342	0.14401706	4.0173005	4.0420359	1529.8335	-0.22871896	0.0012722188	0.60836296	liquid
20.000000	50.000000	1019.9238	0.00098046544	80.930727	129.95400	0.28453538	4.0017735	4.0548213	1565.2309	-0.22241048	0.00099196562	0.62501388	liquid
30.000000	50.000000	1016.7850	0.00098349208	121.38147	170.55608	0.42072720	3.9776228	4.0652733	1592.9960	-0.21689838	0.00079921743	0.63994332	liquid
40.000000	50.000000	1013.0138	0.00098715340	161.89625	211.25392	0.55280956	3.9470695	4.0740560	1614.1318	-0.21189002	0.00066058501	0.65333000	liquid
50.000000	50.000000	1008.6859	0.00099138893	202.46365	252.03310	0.68099544	3.9115979	4.0816095	1629.5395	-0.20720321	0.00055737257	0.66526059	liquid
60.000000	50.000000	1003.8573	0.00099615757	243.07554	292.88342	0.80549129	3.8724023	4.0883560	1639.9941	-0.20271030	0.00047839956	0.67578254	liquid
70.000000	50.000000	998.57089	0.0010014312	283.72742	333.79897	0.92649788	3.8305161	4.0947287	1646.1437	-0.19831389	0.00041661485	0.68492978	liquid
80.000000	50.000000	992.86046	0.0010071909	324.41862	374.77816	1.0442111	3.7868363	4.1011500	1648.5227	-0.19393544	0.00036737494	0.69273470	liquid
90.000000	50.000000	986.75281	0.0010134250	365.15218	415.82344	1.1588217	3.7421238	4.1080080	1647.5679	-0.18950917	0.00032751106	0.69923299	liquid
100.00000	50.000000	980.26946	0.0010201277	405.93453	456.94091	1.2705148	3.6970046	4.1156423	1643.6357	-0.18497822	0.00029479598	0.70446489	liquid
110.00000	50.000000	973.42753	0.0010272978	446.77495	498.13984	1.3794693	3.6519786	4.1243419	1637.0174	-0.18029182	0.00026762484	0.70847463	liquid
120.00000	50.000000	966.24048	0.0010349390	487.68516	539.43211	1.4858569	3.6074323	4.1343491	1627.9522	-0.17540302	0.00024481644	0.71130924	liquid
130.00000	50.000000	958.71849	0.0010430591	528.67891	580.83186	1.5898420	3.5636555	4.1458683	1616.6379	-0.17026675	0.00022548536	0.71301706	liquid
140.00000	50.000000	950.86883	0.0010516698	569.77163	622.35511	1.6915817	3.5208577	4.1590767	1603.2397	-0.16483820	0.00020895707	0.71364641	liquid
150.00000	50.000000	942.69608	0.0010607873	610.98020	664.01956	1.7912257	3.4791836	4.1741336	1587.8970	-0.15907127	0.00019471035	0.71324444	liquid
160.00000	50.000000	934.20224	0.0010704320	652.32285	705.84446	1.8889169	3.4387271	4.1911913	1570.7282	-0.15291726	0.00018233719	0.71185625	liquid
170.00000	50.000000	925.38686	0.0010806291	693.81911	747.85056	1.9847917	3.3995434	4.2104028	1551.8353	-0.14632353	0.00017151448	0.70952423	liquid
180.00000	50.000000	916.24707	0.0010914087	735.48980	790.06023	2.0789812	3.3616588	4.2319307	1531.3066	-0.13923216	0.00016198352	0.70628765	liquid
190.00000	50.000000	906.77756	0.0011028063	777.35718	832.49750	2.1716114	3.3250790	4.2559544	1509.2196	-0.13157858	0.00015353515	0.70249941	liquid
200.00000	50.000000	896.97055	0.0011148638	819.44512	875.18831	2.2628043	3.2897957	4.2826771	1485.6420	-0.12329001	0.00014599869	0.69787456	liquid
210.00000	50.000000	886.81569	0.0011276300	861.77931	918.16081	2.3526789	3.2557919	4.3123338	1460.6342	-0.11428367	0.00013923357	0.69238099	liquid
220.00000	50.000000	876.29992	0.0011411618	904.38759	961.44568	2.4413521	3.2230464	4.3451992	1434.2492	-0.10446467	0.00013312312	0.68609394	liquid
230.00000	50.000000	865.40727	0.0011555253	947.30030	1005.0766	2.5289397	3.1915374	4.3815973	1406.5341	-0.093723472	0.00012756967	0.67904854	liquid
240.00000	50.000000	854.11855	0.0011707977	990.55079	1049.0907	2.6155575	3.1612451	4.4219130	1377.5301	-0.081932650	0.00012249086	0.67126979	liquid
250.00000	50.000000	842.41106	0.0011870689	1034.1760	1093.5294	2.7013230	3.1321549	4.4666067	1347.2730	-0.068942907	0.00011781669	0.66277725	liquid
260.00000	50.000000	830.25806	0.0012044448	1078.2170	1138.4392	2.7863564	3.1042592	4.5162330	1315.7931	-0.054577942	0.00011348718	0.65358649	liquid
270.00000	50.000000	817.62822	0.0012230498	1122.7203	1183.8727	2.8707826	3.0775604	4.5714650	1283.1150	-0.038627840	0.00010945059	0.64370951	liquid
280.00000	50.000000	804.48481	0.0012430316	1167.7384	1229.8899	2.9547333	3.0520729	4.6331266	1249.2575	-0.020840467	0.00010566186	0.63315489	liquid
290.00000	50.000000	790.78472	0.0012645667	1213.3317	1276.5601	3.0383494	3.0278261	4.7022362	1214.2330	-0.00091016842	0.00010208142	0.62192753	liquid
300.00000	50.000000	776.47715	0.0012878679	1259.5703	1323.9637	3.1217846	3.0048676	4.7800640	1178.0478	0.021537148	9.8674172e-05	0.61002827	liquid
310.00000	50.000000	761.50190	0.0013131944	1306.5360	1372.1957	3.2052092	2.9832666	4.8682106	1140.7019	0.046963828	9.5408588e-05	0.59745311	liquid
320.00000	50.000000	745.78718	0.0013408651	1354.3258	1421.3690	3.2888156	2.9631183	4.9687129	1102.1909	0.075946835	9.2255983e-05	0.58419211	liquid
330.00000	50.000000	729.24674	0.0013712780	1403.0559	1471.6198	3.3728251	2.9445480	5.0841868	1062.5088	0.10921289	8.9189805e-05	0.57022788	liquid
340.00000	50.000000	711.77614	0.0014049361	1452.8670	1523.1139	3.4574973	2.9277160	5.2180210	1021.6540	0.14768523	8.6185000e-05	0.55553343	liquid
350.00000	50.000000	693.24808	0.0014424851	1503.9317	1576.0560	3.5431419	2.9128199	5.3746408	979.63929	0.19254609	8.3217392e-05	0.54006939	liquid
360.00000	50.000000	673.50636	0.0014847670	1556.4635	1630.7018	3.6301347	2.9000951	5.5598733	936.50596	0.24532128	8.0263090e-05	0.52378030	liquid
370.00000	50.000000	652.35848	0.0015328995	1610.7295	1687.3744	3.7189396	2.8898065	5.7814873	892.33934	0.30800078	7.7297868e-05	0.50658986	liquid
380.00000	50.000000	629.56587	0.0015883961	1667.0678	1746.4876	3.8101391	2.8822293	6.0500437	847.27880	0.38322325	7.4296482e-05	0.48839462	supercritical
