Temperature (C)	Pressure (MPa)	Density (kg/m3)	Volume (m3/kg)	Internal Energy (kJ/kg)	Enthalpy (kJ/kg)	Entropy (J/g*K)	Cv (J/g*K)	Cp (J/g*K)	Sound Spd. (m/s)	Joule-Thomson (K/MPa)	Viscosity (Pa*s)	Therm. Cond. (W/m*K)	Phase
200.00000	1.0000000	4.8538588	0.20602165	2622.2428	2828.2645	6.6955428	1.7519940	2.4280605	517.37950	24.344440	1.5876043e-05	0.036311938	vapor
300.00000	1.0000000	3.8761512	0.25798787	2793.6445	3051.6324	7.1246236	1.6096290	2.1424901	578.48544	12.301774	2.0205472e-05	0.045122241	vapor
400.00000	1.0000000	3.2615189	0.30660561	2957.8686	3264.4742	7.4669422	1.6321017	2.1292876	628.25371	7.4556469	2.4433374e-05	0.055627059	vapor
500.00000	1.0000000	2.8239600	0.35411267	3124.9877	3479.1004	7.7641481	1.6850627	2.1676612	672.34475	4.9718866	2.8581187e-05	0.067303350	vapor
600.00000	1.0000000	2.4930917	0.40110839	3297.4669	3698.5753	8.0310357	1.7484364	2.2236580	712.57165	3.5114521	3.2641886e-05	0.079811347	vapor
700.00000	1.0000000	2.2330011	0.44782782	3476.2491	3924.0769	8.2754868	1.8161363	2.2871457	749.89140	2.5772012	3.6607480e-05	0.092928774	vapor
800.00000	1.0000000	2.0227256	0.49438243	3661.7120	4156.0945	8.5023826	1.8849921	2.3533921	784.92927	1.9440102	4.0473218e-05	0.10650369	vapor
900.00000	1.0000000	1.8490041	0.54083167	3853.9203	4394.7520	8.7149688	1.9528881	2.4195718	818.12857	1.4960660	4.4237492e-05	0.12042653	vapor
1000.0000	1.0000000	1.7029685	0.58720991	4052.7355	4639.9455	8.9155054	2.0183712	2.4838727	849.81321	1.1683345	4.7901011e-05	0.13461536	vapor
1100.0000	1.0000000	1.5784365	0.63353830	4257.8874	4891.4256	9.1056285	2.0805065	2.5451632	880.22346	0.92188203	undefined	undefined	vapor
1200.0000	1.0000000	1.4709549	0.67983050	4469.0255	5148.8560	9.2865669	2.1387659	2.6028006	909.53992	0.73223226	undefined	undefined	vapor
1300.0000	1.0000000	1.3772289	0.72609573	4685.7582	5411.8539	9.4592768	2.1929249	2.6564902	937.90059	0.58338915	undefined	undefined	vapor
1400.0000	1.0000000	1.2947659	0.77234037	4907.6800	5680.0204	9.6245270	2.2429729	2.7061765	965.41289	0.46456080	undefined	undefined	vapor
1500.0000	1.0000000	1.2216441	0.81856901	5134.3900	5952.9590	9.7829538	2.2890407	2.7519606	992.16213	0.36826821	undefined	undefined	vapor
200.00000	1.2000000	5.9053228	0.16933875	2612.8536	2816.0601	6.5908827	1.8370495	2.5824967	513.04897	24.424671	1.5801370e-05	0.037034940	vapor
300.00000	1.2000000	4.6759909	0.21385841	2789.6887	3046.3188	7.0334946	1.6256867	2.1750495	576.81908	12.312803	2.0182271e-05	0.045493275	vapor
400.00000	1.2000000	3.9243982	0.25481614	2955.5098	3261.2891	7.3792754	1.6383815	2.1431724	627.36962	7.4543941	2.4429583e-05	0.055850166	vapor
500.00000	1.2000000	3.3939879	0.29463864	3123.3753	3476.9417	7.6779128	1.6882671	2.1752249	671.83177	4.9696038	2.8585570e-05	0.067465827	vapor
600.00000	1.2000000	2.9945080	0.33394468	3296.2787	3697.0124	7.9455286	1.7503212	2.2283373	712.26818	3.5097199	3.2649686e-05	0.079955114	vapor
700.00000	1.2000000	2.6811595	0.37297296	3475.3299	3922.8975	8.1903970	1.8173501	2.2902809	749.71774	2.5759991	3.6616509e-05	0.093073878	vapor
800.00000	1.2000000	2.4281514	0.41183594	3660.9761	4155.1792	8.4175520	1.8858267	2.3556140	784.84094	1.9431731	4.0482430e-05	0.10665915	vapor
900.00000	1.2000000	2.2192960	0.45059335	3853.3159	4394.0279	8.6303089	1.9534918	2.4212142	818.09867	1.4954703	4.4246387e-05	0.12059553	vapor
1000.0000	1.2000000	2.0438208	0.48927968	4052.2294	4639.3650	8.8309632	2.0188262	2.4851273	849.82456	1.1679001	4.7909363e-05	0.13479813	vapor
1100.0000	1.2000000	1.8942403	0.52791611	4257.4570	4890.9564	9.0211705	2.0808611	2.5461472	880.26455	0.92155813	undefined	undefined	vapor
1200.0000	1.2000000	1.7651741	0.56651636	4468.6552	5148.4748	9.2021709	2.1390500	2.6035890	909.60281	0.73198607	undefined	undefined	vapor
1300.0000	1.2000000	1.6526478	0.60508961	4685.4364	5411.5440	9.3749276	2.1931579	2.6571332	937.97962	0.58319885	undefined	undefined	vapor
1400.0000	1.2000000	1.5536580	0.64364228	4907.3982	5679.7690	9.5402139	2.2431678	2.7067087	965.50395	0.46441154	undefined	undefined	vapor
1500.0000	1.2000000	1.4658910	0.68217895	5134.1416	5952.7564	9.6986690	2.2892063	2.7524067	992.26218	0.36814962	undefined	undefined	vapor
200.00000	1.4000000	6.9917626	0.14302545	2602.7230	2802.9587	6.4974558	1.9486147	2.7822918	508.20548	24.505956	1.5725710e-05	0.037799429	vapor
300.00000	1.4000000	5.4847284	0.18232444	2785.6651	3040.9193	6.9552321	1.6423420	2.2090518	575.12502	12.320317	2.0159312e-05	0.045871083	vapor
400.00000	1.4000000	4.5909369	0.21782046	2953.1351	3258.0838	7.3045830	1.6447501	2.1573119	626.47982	7.4527358	2.4426030e-05	0.056075489	vapor
500.00000	1.4000000	3.9657963	0.25215617	3121.7578	3474.7764	7.6046713	1.6914896	2.1828556	671.31736	4.9672380	2.8590126e-05	0.067629433	vapor
600.00000	1.4000000	3.4968675	0.28597023	3295.0886	3695.4469	7.8730203	1.7522105	2.2330391	711.96441	3.5079601	3.2657607e-05	0.080099620	vapor
700.00000	1.4000000	3.1298407	0.31950508	3474.4099	3921.7170	8.1183077	1.8185650	2.2934250	749.54411	2.5747842	3.6625622e-05	0.093219509	vapor
800.00000	1.4000000	2.8338717	0.35287412	3660.2398	4154.2635	8.3457224	1.8866615	2.3578397	784.75272	1.9423288	4.0491701e-05	0.10681501	vapor
900.00000	1.4000000	2.5897517	0.38613740	3852.7113	4393.3037	8.5586502	1.9540955	2.4228583	818.06891	1.4948697	4.4255325e-05	0.12076484	vapor
1000.0000	1.4000000	2.3847593	0.41932952	4051.7232	4638.7845	8.7594223	2.0192811	2.4863828	849.83603	1.1674623	4.7917747e-05	0.13498114	vapor
1100.0000	1.4000000	2.2100829	0.45247172	4257.0267	4890.4871	8.9497138	2.0812155	2.5471315	880.30575	0.92123178	undefined	undefined	vapor
1200.0000	1.4000000	2.0594026	0.48557771	4468.2848	5148.0936	9.1307763	2.1393340	2.6043775	909.66579	0.73173799	undefined	undefined	vapor
1300.0000	1.4000000	1.9280576	0.51865670	4685.1147	5411.2341	9.3035798	2.1933908	2.6577762	938.05873	0.58300708	undefined	undefined	vapor
1400.0000	1.4000000	1.8125297	0.55171510	4907.1164	5679.5176	9.4689022	2.2433625	2.7072410	965.59508	0.46426110	undefined	undefined	vapor
1500.0000	1.4000000	1.7101106	0.58475750	5133.8932	5952.5537	9.6273857	2.2893719	2.7528529	992.36228	0.36803006	undefined	undefined	vapor
200.00000	1.6000000	864.69252	0.0011564805	850.43905	852.28942	2.3304619	3.3179040	4.4955783	1332.2160	-0.089464257	0.00013459564	0.66005238	liquid
300.00000	1.6000000	6.3026922	0.15866236	2781.5718	3035.4316	6.8863473	1.6596054	2.2445575	573.40251	12.324397	2.0136599e-05	0.046255953	vapor
400.00000	1.6000000	5.2611950	0.19007089	2950.7445	3254.8579	7.2393798	1.6512078	2.1717106	625.58427	7.4506752	2.4422717e-05	0.056303069	vapor
500.00000	1.6000000	4.5394003	0.22029342	3120.1351	3472.6046	7.5409384	1.6947303	2.1905541	670.80155	4.9647893	2.8594856e-05	0.067794183	vapor
600.00000	1.6000000	4.0001748	0.24998907	3293.8965	3693.8790	7.8100256	1.7541041	2.2377636	711.66034	3.5061729	3.2665649e-05	0.080244870	vapor
700.00000	1.6000000	3.5790462	0.27940405	3473.4889	3920.5354	8.0557335	1.8197810	2.2965779	749.37051	2.5735565	3.6634820e-05	0.093365669	vapor
800.00000	1.6000000	3.2398872	0.30865272	3659.5030	4153.3474	8.2834085	1.8874964	2.3600692	784.66463	1.9414772	4.0501033e-05	0.10697127	vapor
900.00000	1.6000000	2.9603715	0.33779545	3852.1065	4392.5792	8.4965075	1.9546992	2.4245043	818.03929	1.4942645	4.4264306e-05	0.12093444	vapor
1000.0000	1.6000000	2.7257840	0.36686692	4051.2168	4638.2039	8.6973975	2.0197358	2.4876391	849.84763	1.1670212	4.7926161e-05	0.13516438	vapor
1100.0000	1.6000000	2.5259641	0.39588844	4256.5963	4890.0178	8.8877733	2.0815699	2.5481163	880.34706	0.92090298	undefined	undefined	vapor
1200.0000	1.6000000	2.3536404	0.42487374	4467.9145	5147.7125	9.0688978	2.1396179	2.6051663	909.72886	0.73148804	undefined	undefined	vapor
1300.0000	1.6000000	2.2034584	0.45383203	4684.7929	5410.9242	9.2417482	2.1936236	2.6584193	938.13792	0.58281383	undefined	undefined	vapor
1400.0000	1.6000000	2.0713809	0.48276973	4906.8346	5679.2662	9.4071067	2.2435572	2.7077733	965.68628	0.46410947	undefined	undefined	vapor
1500.0000	1.6000000	1.9543028	0.51169143	5133.6448	5952.3511	9.5656185	2.2895374	2.7532990	992.46244	0.36790953	undefined	undefined	vapor
200.00000	1.8000000	864.84510	0.0011562764	850.28864	852.36993	2.3301433	3.3177745	4.4944073	1332.9497	-0.089656884	0.00013464668	0.66021908	liquid
300.00000	1.8000000	7.1302287	0.14024796	2777.4071	3029.8534	6.8245883	1.6774883	2.2816319	571.65072	12.325127	2.0114137e-05	0.046648195	vapor
400.00000	1.8000000	5.9352339	0.16848536	2948.3378	3251.6114	7.1814172	1.6577549	2.1863728	624.68293	7.4482153	2.4419646e-05	0.056532951	vapor
500.00000	1.8000000	5.1148153	0.19551048	3118.5073	3470.4261	7.4844661	1.6979892	2.1983208	670.28434	4.9622579	2.8599759e-05	0.067960086	vapor
600.00000	1.8000000	4.5044346	0.22200345	3292.7023	3692.3085	7.7542965	1.7560022	2.2425108	711.35598	3.5043582	3.2673812e-05	0.080390869	vapor
700.00000	1.8000000	4.0287774	0.24821426	3472.5672	3919.3528	8.0004264	1.8209980	2.2997396	749.19694	2.5723160	3.6644102e-05	0.093512360	vapor
800.00000	1.8000000	3.6461981	0.27425828	3658.7658	4152.4307	8.2283624	1.8883316	2.3623026	784.57666	1.9406182	4.0510424e-05	0.10712793	vapor
900.00000	1.8000000	3.3311553	0.30019615	3851.5014	4391.8545	8.4416328	1.9553027	2.4261520	818.00980	1.4936545	4.4273330e-05	0.12110436	vapor
1000.0000	1.8000000	3.0668949	0.32606269	4050.7104	4637.6233	8.6426408	2.0201905	2.4888963	849.85935	1.1665768	4.7934606e-05	0.13534786	vapor
1100.0000	1.8000000	2.8418840	0.35187925	4256.1658	4889.5485	8.8331009	2.0819241	2.5491014	880.38848	0.92057173	undefined	undefined	vapor
1200.0000	1.8000000	2.6478874	0.37765956	4467.5442	5147.3314	9.0142875	2.1399017	2.6059552	909.79203	0.73123623	undefined	undefined	vapor
1300.0000	1.8000000	2.4788501	0.40341286	4684.4712	5410.6143	9.1871848	2.1938563	2.6590626	938.21720	0.58261911	undefined	undefined	vapor
1400.0000	1.8000000	2.3302116	0.42914557	4906.5529	5679.0149	9.3525794	2.2437518	2.7083056	965.77755	0.46395666	undefined	undefined	vapor
1500.0000	1.8000000	2.1984677	0.45486227	5133.3964	5952.1485	9.5111195	2.2897028	2.7537452	992.56266	0.36778804	undefined	undefined	vapor
200.00000	2.0000000	864.99749	0.0011560727	850.13845	852.45060	2.3298250	3.3176451	4.4932397	1333.6824	-0.089848895	0.00013469768	0.66038568	liquid
300.00000	2.0000000	7.9677035	0.12550668	2773.1688	3024.1822	6.7684161	1.6960028	2.3203459	569.86880	12.322592	2.0091930e-05	0.047048137	vapor
400.00000	2.0000000	6.6131163	0.15121464	2945.9147	3248.3440	7.1291602	1.6643918	2.2013031	623.77574	7.4453595	2.4416822e-05	0.056765180	vapor
500.00000	2.0000000	5.6920569	0.17568342	3116.8743	3468.2411	7.4337194	1.7012661	2.2061563	669.76573	4.9596442	2.8604838e-05	0.068127155	vapor
600.00000	2.0000000	5.0096513	0.19961469	3291.5062	3690.7356	7.7042980	1.7579046	2.2472809	711.05135	3.5025160	3.2682097e-05	0.080537619	vapor
700.00000	2.0000000	4.4790357	0.22326234	3471.6445	3918.1692	7.9508516	1.8222162	2.3029103	749.02342	2.5710628	3.6653470e-05	0.093659584	vapor
800.00000	2.0000000	4.0528049	0.24674270	3658.0282	4151.5136	8.1790490	1.8891669	2.3645398	784.48882	1.9397520	4.0519875e-05	0.10728499	vapor
900.00000	2.0000000	3.7021034	0.27011671	3850.8962	4391.1296	8.3924911	1.9559062	2.4278015	817.98046	1.4930398	4.4282396e-05	0.12127458	vapor
1000.0000	2.0000000	3.4080919	0.29341932	4050.2039	4637.0425	8.5936173	2.0206450	2.4901543	849.87121	1.1661291	4.7943082e-05	0.13553157	vapor
1100.0000	2.0000000	3.1578425	0.31667191	4255.7353	4889.0791	8.7841617	2.0822782	2.5500870	880.43001	0.92023805	undefined	undefined	vapor
1200.0000	2.0000000	2.9421436	0.33988823	4467.1738	5146.9503	8.9654104	2.1401854	2.6067444	909.85530	0.73098254	undefined	undefined	vapor
1300.0000	2.0000000	2.7542326	0.36307754	4684.1494	5410.3045	9.1383546	2.1940890	2.6597059	938.29655	0.58242292	undefined	undefined	vapor
1400.0000	2.0000000	2.5890218	0.38624626	4906.2711	5678.7636	9.3037853	2.2439464	2.7088379	965.86889	0.46380268	undefined	undefined	vapor
1500.0000	2.0000000	2.4426051	0.40939897	5133.1481	5951.9460	9.4623537	2.2898682	2.7541913	992.66295	0.36766559	undefined	undefined	vapor
200.00000	2.5000000	865.37757	0.0011555650	849.76402	852.65293	2.3290312	3.3173224	4.4903354	1335.5095	-0.090326248	0.00013482499	0.66080172	liquid
300.00000	2.5000000	10.107458	0.098936840	2762.2378	3009.5799	6.6458962	1.7451420	2.4248239	565.27616	12.302537	2.0037560e-05	0.048084077	vapor
400.00000	2.5000000	8.3250614	0.12011923	2939.7847	3240.0828	7.0169743	1.6813788	2.2398337	621.48185	7.4365083	2.4410856e-05	0.057356326	vapor
500.00000	2.5000000	7.1432560	0.13999218	3112.7690	3462.7494	7.3253987	1.7095372	2.2260494	668.46317	4.9527507	2.8618310e-05	0.068550006	vapor
600.00000	2.5000000	6.2769098	0.15931406	3288.5070	3686.7921	7.5978701	1.7626796	2.2593061	710.28864	3.4977904	3.2703342e-05	0.080907816	vapor
700.00000	2.5000000	5.6069969	0.17834859	3469.3339	3915.2054	7.8454900	1.8252662	2.3108756	748.58986	2.5678740	3.6677259e-05	0.094029986	vapor
800.00000	2.5000000	5.0706192	0.19721457	3656.1825	4149.2189	8.0743436	1.8912559	2.3701495	784.26983	1.9375547	4.0543763e-05	0.10767940	vapor
900.00000	2.5000000	4.6301926	0.21597374	3849.3823	4389.3166	8.2882159	1.9574146	2.4319328	817.90775	1.4914824	4.4305248e-05	0.12170147	vapor
1000.0000	2.5000000	4.2614611	0.23466130	4048.9371	4635.5904	8.4896378	2.0217807	2.4933029	849.90144	1.1649954	4.7964405e-05	0.13599186	vapor
1100.0000	2.5000000	3.9479074	0.25329875	4254.6589	4887.9057	8.6803933	2.0831630	2.5525527	880.53437	0.91939325	undefined	undefined	vapor
1200.0000	2.5000000	3.6778240	0.27189990	4466.2478	5145.9976	8.8617974	2.1408942	2.6087180	910.01390	0.73034023	undefined	undefined	vapor
1300.0000	2.5000000	3.4426486	0.29047403	4683.3450	5409.5300	9.0348587	2.1946703	2.6613144	938.49530	0.58192608	undefined	undefined	vapor
1400.0000	2.5000000	3.2359575	0.30902755	4905.5666	5678.1355	9.2003797	2.2444325	2.7101688	966.09754	0.46341259	undefined	undefined	vapor
1500.0000	2.5000000	3.0528287	0.32756506	5132.5271	5951.4398	9.3590189	2.2902814	2.7553066	992.91391	0.36735527	undefined	undefined	vapor
200.00000	3.0000000	865.75641	0.0011550593	849.39101	852.85619	2.3282400	3.3170006	4.4874520	1337.3299	-0.090799821	0.00013495204	0.66121713	liquid
300.00000	3.0000000	12.318480	0.081178848	2750.7979	2994.3344	6.5411993	1.7985548	2.5414424	560.47377	12.263974	1.9984897e-05	0.049176747	vapor
400.00000	3.0000000	10.062474	0.099379137	2933.5489	3231.6863	6.9234487	1.6989344	2.2801484	619.15032	7.4252525	2.4406493e-05	0.057963190	vapor
500.00000	3.0000000	8.6062197	0.11619504	3108.6308	3457.2159	7.2358698	1.7179207	2.2463844	667.15208	4.9453467	2.8632903e-05	0.068980408	vapor
600.00000	3.0000000	7.5502500	0.13244595	3285.4951	3682.8330	7.5102661	1.7674813	2.2714755	709.52443	3.4928934	3.2725355e-05	0.081282810	vapor
700.00000	3.0000000	6.7382836	0.14840574	3467.0179	3912.2351	7.7589623	1.8283227	2.3188966	748.15673	2.5646056	3.6701578e-05	0.094403753	vapor
800.00000	3.0000000	6.0902920	0.16419574	3654.3341	4146.9213	7.9884759	1.8933460	2.3757830	784.05176	1.9353120	4.0568024e-05	0.10807633	vapor
900.00000	3.0000000	5.5593098	0.17987844	3847.8671	4387.5025	8.2027798	1.9589226	2.4360750	817.83601	1.4898958	4.4328365e-05	0.12213027	vapor
1000.0000	3.0000000	5.1153682	0.19548935	4047.6698	4634.1378	8.4044980	2.0229157	2.4964567	849.93255	1.1638413	4.7985918e-05	0.13645362	vapor
1100.0000	3.0000000	4.7382125	0.21105005	4253.5822	4886.7323	8.5954649	2.0840469	2.5550208	880.63948	0.91853337	undefined	undefined	vapor
1200.0000	3.0000000	4.4135607	0.22657443	4465.3217	5145.0450	8.7770244	2.1416024	2.6106928	910.17315	0.72968639	undefined	undefined	vapor
1300.0000	3.0000000	4.1310065	0.24207176	4682.5405	5408.7558	8.9502030	2.1952510	2.6629234	938.69459	0.58142019	undefined	undefined	vapor
1400.0000	3.0000000	3.8827642	0.25754847	4904.8622	5677.5077	9.1158143	2.2449181	2.7114999	966.32665	0.46301523	undefined	undefined	vapor
1500.0000	3.0000000	3.6628805	0.27300918	5131.9063	5950.9338	9.2745244	2.2906943	2.7564218	993.16527	0.36703902	undefined	undefined	vapor
200.00000	3.5000000	866.13402	0.0011545557	849.01944	853.06038	2.3274512	3.3166797	4.4845892	1339.1438	-0.091269661	0.00013507883	0.66163190	liquid
300.00000	3.5000000	14.608521	0.068453200	2738.8064	2978.3926	6.4483992	1.8565412	2.6719414	555.44324	12.208248	1.9934047e-05	0.050333797	vapor
400.00000	3.5000000	11.826457	0.084556176	2927.2043	3223.1509	6.8427395	1.7170645	2.3223319	616.78030	7.4116422	2.4403788e-05	0.058586588	vapor
500.00000	3.5000000	10.081203	0.099194507	3104.4594	3451.6401	7.1592934	1.7264159	2.2671704	665.83259	4.9374354	2.8648633e-05	0.069418560	vapor
600.00000	3.5000000	8.8297442	0.11325356	3282.4706	3678.8581	7.4356473	1.7723094	2.2837902	708.75887	3.4878254	3.2748139e-05	0.081662668	vapor
700.00000	3.5000000	7.8729178	0.12701771	3464.6964	3909.2584	7.6854298	1.8313855	2.3269731	747.72415	2.5612577	3.6726430e-05	0.094780911	vapor
800.00000	3.5000000	7.1118294	0.14061080	3652.4832	4144.6210	7.9156070	1.8954371	2.3814401	783.83470	1.9330240	4.0592657e-05	0.10847580	vapor
900.00000	3.5000000	6.4894563	0.15409612	3846.3508	4385.6872	8.1303440	1.9604302	2.4402279	817.76530	1.4882801	4.4351745e-05	0.12256099	vapor
1000.0000	3.5000000	5.9698128	0.16750944	4046.4019	4632.6849	8.3323592	2.0240499	2.4996155	849.96458	1.1626669	4.8007620e-05	0.13691683	vapor
1100.0000	3.5000000	5.5287570	0.18087248	4252.5052	4885.5589	8.5235378	2.0849302	2.5574913	880.74538	0.91765853	undefined	undefined	vapor
1200.0000	3.5000000	5.1493529	0.19419916	4464.3956	5144.0926	8.7052529	2.1423099	2.6126686	910.33305	0.72902112	undefined	undefined	vapor
1300.0000	3.5000000	4.8193057	0.20749877	4681.7361	5407.9818	8.8785488	2.1958312	2.6645329	938.89444	0.58090531	undefined	undefined	vapor
1400.0000	3.5000000	4.5294416	0.22077777	4904.1579	5676.8801	9.0442504	2.2454033	2.7128310	966.55623	0.46261067	undefined	undefined	vapor
1500.0000	3.5000000	4.2727602	0.23404075	5131.2855	5950.4281	9.2030312	2.2911068	2.7575370	993.41702	0.36671689	undefined	undefined	vapor
200.00000	4.0000000	866.51041	0.0011540542	848.64928	853.26550	2.3266649	3.3163597	4.4817467	1340.9511	-0.091735816	0.00013520537	0.66204604	liquid
300.00000	4.0000000	16.986670	0.058869690	2726.2133	2961.6920	6.3639072	1.9194841	2.8185245	550.16268	12.136650	1.9885139e-05	0.051564624	vapor
400.00000	4.0000000	13.618179	0.073431259	2920.7477	3214.4727	6.7713562	1.7357753	2.3664752	614.37092	7.3957279	2.4402795e-05	0.059227397	vapor
500.00000	4.0000000	11.568469	0.086441864	3100.2543	3446.0218	7.0921838	1.7350223	2.2884166	664.50483	4.9290202	2.8665519e-05	0.069864665	vapor
600.00000	4.0000000	10.115465	0.098858531	3279.4334	3674.8675	7.3705284	1.7771636	2.2962514	707.99212	3.4825865	3.2771701e-05	0.082047461	vapor
700.00000	4.0000000	9.0109210	0.11097645	3462.3694	3906.2752	7.6214075	1.8344545	2.3351052	747.29223	2.5578304	3.6751813e-05	0.095161485	vapor
800.00000	4.0000000	8.1352374	0.12292204	3650.6298	4142.3180	7.8522519	1.8975291	2.3871209	783.61873	1.9306910	4.0617662e-05	0.10887780	vapor
900.00000	4.0000000	7.4206328	0.13475940	3844.8332	4383.8707	8.0674234	1.9619372	2.4443916	817.69566	1.4866353	4.4375389e-05	0.12299363	vapor
1000.0000	4.0000000	6.8247942	0.14652456	4045.1334	4631.2316	8.2697363	2.0251833	2.5027794	849.99756	1.1614722	4.8029510e-05	0.13738149	vapor
1100.0000	4.0000000	6.3195399	0.15823937	4251.4280	4884.3854	8.4611268	2.0858126	2.5599641	880.85209	0.91676884	undefined	undefined	vapor
1200.0000	4.0000000	5.8851998	0.16991776	4463.4693	5143.1403	8.6429976	2.1430167	2.6146455	910.49365	0.72834451	undefined	undefined	vapor
1300.0000	4.0000000	5.5075455	0.18156909	4680.9316	5407.2080	8.8164108	2.1964109	2.6661427	939.09487	0.58038153	undefined	undefined	vapor
1400.0000	4.0000000	5.1759891	0.19319979	4903.4535	5676.2527	8.9822027	2.2458881	2.7141622	966.78629	0.46219897	undefined	undefined	vapor
1500.0000	4.0000000	4.8824674	0.20481448	5130.6647	5949.9226	9.1410544	2.2915190	2.7586520	993.66918	0.36638893	undefined	undefined	vapor
200.00000	4.5000000	866.88558	0.0011535548	848.28052	853.47152	2.3258810	3.3160405	4.4789242	1342.7520	-0.092198332	0.00013533165	0.66245955	liquid
300.00000	4.5000000	19.463700	0.051377693	2712.9583	2944.1580	6.2853516	1.9878840	2.9840334	544.60553	12.050369	1.9838332e-05	0.052880956	vapor
400.00000	4.5000000	15.438878	0.064771547	2914.1757	3205.6477	6.7070450	1.7550735	2.4126771	611.92126	7.3775593	2.4403576e-05	0.059886564	vapor
500.00000	4.5000000	13.068283	0.076521144	3096.0152	3440.3604	7.0322926	1.7437394	2.3101325	663.16895	4.9201041	2.8683581e-05	0.070318934	vapor
600.00000	4.5000000	11.407485	0.087661740	3276.3834	3670.8612	7.3126614	1.7820435	2.3088603	707.22434	3.4771771	3.2796047e-05	0.082437259	vapor
700.00000	4.5000000	10.152315	0.098499705	3460.0369	3903.2856	7.5646472	1.8375295	2.3432931	746.86108	2.5543238	3.6777731e-05	0.095545503	vapor
800.00000	4.5000000	9.1605218	0.10916409	3648.7739	4140.0122	7.7961625	1.8996220	2.3928251	783.40391	1.9283130	4.0643038e-05	0.10928236	vapor
900.00000	4.5000000	8.3528402	0.11971976	3843.3143	4382.0533	8.0117701	1.9634436	2.4485658	817.62717	1.4849617	4.4399295e-05	0.12342819	vapor
1000.0000	4.5000000	7.6803118	0.13020305	4043.8643	4629.7780	8.2143811	2.0263158	2.5059482	850.03155	1.1602575	4.8051586e-05	0.13784762	vapor
1100.0000	4.5000000	7.1105604	0.14063589	4250.3505	4883.2120	8.4059838	2.0866943	2.5624392	880.95965	0.91586439	undefined	undefined	vapor
1200.0000	4.5000000	6.6211005	0.15103230	4462.5429	5142.1882	8.5880104	2.1437229	2.6166233	910.65495	0.72765664	undefined	undefined	vapor
1300.0000	4.5000000	6.1957251	0.16140161	4680.1272	5406.4344	8.7615410	2.1969900	2.6677529	939.29589	0.57984892	undefined	undefined	vapor
1400.0000	4.5000000	5.8224062	0.17175030	4902.7492	5675.6256	8.9274233	2.2463725	2.7154934	967.01686	0.46178018	undefined	undefined	vapor
1500.0000	4.5000000	5.4920018	0.18208297	5130.0440	5949.4173	9.0863457	2.2919308	2.7597670	993.92177	0.36605519	undefined	undefined	vapor
200.00000	5.0000000	867.25955	0.0011530574	847.91316	853.67844	2.3250996	3.3157223	4.4761215	1344.5466	-0.092657254	0.00013545769	0.66287244	liquid
300.00000	5.0000000	22.052541	0.045346248	2698.9689	2925.7002	6.2110471	2.0624112	3.1722115	538.73885	11.950427	1.9793825e-05	0.054297707	vapor
400.00000	5.0000000	17.289871	0.057837331	2907.4849	3196.6715	6.6482650	1.7749660	2.4610444	609.43035	7.3571856	2.4406197e-05	0.060565114	vapor
500.00000	5.0000000	14.580922	0.068582770	3091.7417	3434.6555	6.9780842	1.7525665	2.3323281	661.82509	4.9106902	2.8702837e-05	0.070781586	vapor
600.00000	5.0000000	12.705878	0.078703729	3273.3206	3666.8392	7.2605114	1.7869487	2.3216181	706.45568	3.4715975	3.2821181e-05	0.082832133	vapor
700.00000	5.0000000	11.297120	0.088518138	3457.6990	3900.2897	7.5136142	1.8406105	2.3515367	746.43081	2.5507381	3.6804183e-05	0.095932989	vapor
800.00000	5.0000000	10.187688	0.098157699	3646.9154	4137.7039	7.7458040	1.9017156	2.3985527	783.19033	1.9258902	4.0668784e-05	0.10968948	vapor
900.00000	5.0000000	9.2860791	0.10768808	3841.7943	4380.2347	7.9618490	1.9649496	2.4527506	817.55986	1.4832593	4.4423461e-05	0.12386467	vapor
1000.0000	5.0000000	8.5363647	0.11714589	4042.5947	4628.3241	8.1647589	2.0274476	2.5091219	850.06657	1.1590227	4.8073848e-05	0.13831519	vapor
1100.0000	5.0000000	7.9018173	0.12655317	4249.2728	4882.0386	8.3565740	2.0875752	2.5649166	881.06809	0.91494530	undefined	undefined	vapor
1200.0000	5.0000000	7.3570539	0.13592397	4461.6165	5141.2363	8.5387565	2.1444285	2.6186022	910.81699	0.72695762	undefined	undefined	vapor
1300.0000	5.0000000	6.8838439	0.14526768	4679.3227	5405.6611	8.7124045	2.1975686	2.6693634	939.49752	0.57930756	undefined	undefined	vapor
1400.0000	5.0000000	6.4686924	0.15459075	4902.0450	5674.9987	8.8783772	2.2468564	2.7168247	967.24793	0.46135437	undefined	undefined	vapor
1500.0000	5.0000000	6.1013628	0.16389781	5129.4233	5948.9124	9.0373704	2.2923423	2.7608818	994.17479	0.36571572	undefined	undefined	vapor
200.00000	6.0000000	868.00392	0.0011520685	847.18255	854.09496	2.3235440	3.3150884	4.4705746	1348.1168	-0.093564498	0.00013570901	0.66369638	liquid
300.00000	6.0000000	27.632457	0.036189326	2668.4050	2885.5409	6.0703100	2.2339311	3.6387696	525.89756	11.712325	1.9712782e-05	0.057516407	vapor
400.00000	6.0000000	21.088434	0.047419358	2893.7313	3178.2475	6.5431796	1.8165635	2.5647496	604.32066	7.3100154	2.4417249e-05	0.061984880	vapor
500.00000	6.0000000	17.645799	0.056670713	3083.0897	3423.1140	6.8826211	1.7705480	2.3781985	659.11404	4.8903815	2.8745019e-05	0.071732947	vapor
600.00000	6.0000000	15.322077	0.065265303	3267.1563	3658.7481	7.1692694	1.7968334	2.3475849	704.91641	3.4599287	3.2873840e-05	0.083637402	vapor
700.00000	6.0000000	13.597047	0.073545381	3453.0067	3894.2790	7.4246372	1.8467893	2.3681914	745.57338	2.5433298	3.6858695e-05	0.096718474	vapor
800.00000	6.0000000	12.247686	0.081648074	3643.1910	4133.0794	7.6581870	1.9059049	2.4100777	782.76718	1.9209106	4.0721385e-05	0.11051144	vapor
900.00000	6.0000000	11.155653	0.089640650	3838.7508	4376.5947	7.8751111	1.9679596	2.4611511	817.42902	1.4797688	4.4472571e-05	0.12474342	vapor
1000.0000	6.0000000	10.250073	0.097560281	4040.0538	4625.4154	8.0786204	2.0297085	2.5154835	850.13989	1.1564939	4.8118924e-05	0.13925469	vapor
1100.0000	6.0000000	9.4850359	0.10542923	4247.1166	4879.6920	8.2708612	2.0893346	2.5698779	881.28770	0.91306362	undefined	undefined	vapor
1200.0000	6.0000000	8.8291152	0.11326163	4459.7634	5139.3332	8.4533558	2.1458375	2.6225627	911.14334	0.72552644	undefined	undefined	vapor
1300.0000	6.0000000	8.2598955	0.12106691	4677.7138	5404.1152	8.6272388	2.1987241	2.6725854	939.90267	0.57819887	undefined	undefined	vapor
1400.0000	6.0000000	7.7608692	0.12885155	4900.6366	5673.7459	8.7933921	2.2478229	2.7194872	967.71167	0.46048195	undefined	undefined	vapor
1500.0000	6.0000000	7.3195635	0.13662017	5128.1822	5947.9032	8.9525270	2.2931642	2.7631111	994.68217	0.36501981	undefined	undefined	vapor
200.00000	7.0000000	868.74361	0.0011510876	846.45738	854.51500	2.3219979	3.3144579	4.4651040	1351.6622	-0.094457895	0.00013595936	0.66451787	liquid
300.00000	7.0000000	33.907142	0.029492312	2633.4663	2839.9125	5.9336730	2.4475780	4.2898475	511.11643	11.423381	1.9645007e-05	0.061474977	vapor
400.00000	7.0000000	25.026216	0.039958099	2879.4541	3159.1608	6.4502052	1.8606317	2.6786449	599.03309	7.2545884	2.4436591e-05	0.063496739	vapor
500.00000	7.0000000	20.765429	0.048156964	3074.2951	3411.3938	6.7999517	1.7889614	2.4261123	656.37293	4.8681181	2.8792236e-05	0.072720654	vapor
600.00000	7.0000000	17.964653	0.055664866	3260.9402	3650.5943	7.0909638	1.8068147	2.3741612	703.37562	3.4475825	3.2929726e-05	0.084463862	vapor
700.00000	7.0000000	15.910866	0.062850131	3448.2927	3888.2436	7.3486380	1.8529897	2.3850693	744.72083	2.5356066	3.6915357e-05	0.097518149	vapor
800.00000	7.0000000	14.315272	0.069855468	3639.4566	4128.4449	7.5835622	1.9100966	2.4216949	782.34989	1.9157535	4.0775459e-05	0.11134375	vapor
900.00000	7.0000000	13.029357	0.076749761	3835.7026	4372.9510	7.8013712	1.9709671	2.4695925	817.30357	1.4761651	4.4522711e-05	0.12562989	vapor
1000.0000	7.0000000	11.965911	0.083570740	4037.5107	4622.5059	8.0054822	2.0319660	2.5218637	850.21781	1.1538867	4.8164727e-05	0.14019998	vapor
1100.0000	7.0000000	11.069186	0.090340881	4244.9596	4877.3457	8.1981496	2.0910908	2.5748475	881.51115	0.91112465	undefined	undefined	vapor
1200.0000	7.0000000	10.301375	0.097074419	4457.9100	5137.4309	8.3809567	2.1472439	2.6265266	911.47287	0.72405169	undefined	undefined	vapor
1300.0000	7.0000000	9.6356936	0.10378080	4676.1049	5402.5705	8.5550748	2.1998775	2.6758084	940.31048	0.57705605	undefined	undefined	vapor
1400.0000	7.0000000	9.0525148	0.11046654	4899.2284	5672.4942	8.7214089	2.2487877	2.7221496	968.17762	0.45958219	undefined	undefined	vapor
1500.0000	7.0000000	8.5370657	0.11713627	5126.9413	5946.8952	8.8806853	2.2939847	2.7653397	995.19141	0.36430159	undefined	undefined	vapor
200.00000	8.0000000	869.47868	0.0011501145	845.73756	854.93847	2.3204611	3.3138307	4.4597078	1355.1832	-0.095337782	0.00013620876	0.66533696	liquid
300.00000	8.0000000	41.187954	0.024278943	2592.2549	2786.4864	5.7937163	2.7354080	5.2932795	493.37681	11.071785	1.9595860e-05	0.066713364	vapor
400.00000	8.0000000	29.117311	0.034343831	2864.6161	3139.3667	6.3657933	1.9072413	2.8039826	593.55790	7.1912493	2.4464977e-05	0.065112591	vapor
500.00000	8.0000000	23.942254	0.041767162	3065.3544	3399.4917	6.7265862	1.8078005	2.4761584	653.60312	4.8439229	2.8844676e-05	0.073746748	vapor
600.00000	8.0000000	20.634202	0.048463227	3254.6721	3642.3779	7.0221092	1.8168891	2.4013561	701.83466	3.4345615	3.2988887e-05	0.085312125	vapor
700.00000	8.0000000	18.238734	0.054828367	3443.5570	3882.1840	7.2821318	1.8592104	2.4021706	743.87408	2.5275698	3.6974178e-05	0.098332226	vapor
800.00000	8.0000000	16.390479	0.061011030	3635.7125	4123.8008	7.5184449	1.9142900	2.4334033	781.93907	1.9104201	4.0831002e-05	0.11218651	vapor
900.00000	8.0000000	14.907189	0.067081730	3832.6499	4369.3037	7.7371442	1.9739717	2.4780739	817.18393	1.4724493	4.4573873e-05	0.12652409	vapor
1000.0000	8.0000000	13.683868	0.073078754	4034.9656	4619.5956	7.9418592	2.0342200	2.5282619	850.30063	1.1512021	4.8211250e-05	0.14115105	vapor
1100.0000	8.0000000	12.654256	0.079024793	4242.8017	4875.0000	8.1349541	2.0928438	2.5798250	881.73867	0.90912924	undefined	undefined	vapor
1200.0000	8.0000000	11.773825	0.084934168	4456.0564	5135.5297	8.3180741	2.1486476	2.6304936	911.80576	0.72253407	undefined	undefined	vapor
1300.0000	8.0000000	11.011231	0.090816367	4674.4962	5401.0271	8.4924274	2.2010287	2.6790323	940.72105	0.57587968	undefined	undefined	vapor
1400.0000	8.0000000	10.343624	0.096677917	4897.8205	5671.2438	8.6589424	2.2497507	2.7248117	968.64588	0.45865557	undefined	undefined	vapor
1500.0000	8.0000000	9.7538656	0.10252345	5125.7008	5945.8884	8.8183603	2.2948038	2.7675675	995.70259	0.36356148	undefined	undefined	vapor
200.00000	9.0000000	870.20921	0.0011491489	845.02299	855.36533	2.3189335	3.3132067	4.4543843	1358.6804	-0.096204483	0.00013645721	0.66615367	liquid
300.00000	9.0000000	713.06859	0.0014023896	1331.8848	1344.5063	3.2532823	3.0518973	5.7294085	913.34108	0.21010835	8.6025961e-05	0.55335684	liquid
400.00000	9.0000000	33.377907	0.029959937	2849.1751	3118.8145	6.2876241	1.9564707	2.9422599	587.88429	7.1203080	2.4503292e-05	0.066846656	vapor
500.00000	9.0000000	27.178838	0.036793332	3056.2640	3387.4040	6.6602722	1.8270585	2.5284311	650.80606	4.8178182	2.8902537e-05	0.074813419	vapor
600.00000	9.0000000	23.331321	0.042860840	3248.3516	3634.0991	6.9604578	1.8270532	2.4291785	700.29490	3.4208683	3.3051375e-05	0.086182821	vapor
700.00000	9.0000000	20.580804	0.048588967	3438.7998	3876.1005	7.2228709	1.8654499	2.4194949	743.03402	2.5192208	3.7035165e-05	0.099160916	vapor
800.00000	9.0000000	18.473339	0.054132065	3631.9588	4119.1474	7.4605872	1.9184847	2.4452019	781.53530	1.9049117	4.0888009e-05	0.11303977	vapor
900.00000	9.0000000	16.789146	0.059562292	3829.5927	4365.6534	7.6801823	1.9769733	2.4865943	817.07050	1.4686225	4.4626047e-05	0.12742604	vapor
1000.0000	9.0000000	15.403932	0.064918488	4032.4185	4616.6849	7.8855035	2.0364703	2.5346775	850.38866	1.1484413	4.8258483e-05	0.14210788	vapor
1100.0000	9.0000000	14.240236	0.070223556	4240.6430	4872.6550	8.0790269	2.0945935	2.5848101	881.97047	0.90707826	undefined	undefined	vapor
1200.0000	9.0000000	13.246454	0.075491903	4454.2026	5133.6297	8.2624601	2.1500486	2.6344635	912.14216	0.72097430	undefined	undefined	vapor
1300.0000	9.0000000	12.386500	0.080733054	4672.8875	5399.4850	8.4370487	2.2021777	2.6822567	941.13453	0.57467036	undefined	undefined	vapor
1400.0000	9.0000000	11.634191	0.085953552	4896.4128	5669.9947	8.6037445	2.2507120	2.7274734	969.11656	0.45770257	undefined	undefined	vapor
1500.0000	9.0000000	10.969959	0.091158041	5124.4605	5944.8829	8.7633039	2.2956216	2.7697944	996.21580	0.36279987	undefined	undefined	vapor
200.00000	10.000000	870.93528	0.0011481909	844.31361	855.79552	2.3174150	3.3125859	4.4491316	1362.1541	-0.097058313	0.00013670474	0.66696804	liquid
300.00000	10.000000	715.28753	0.0013980392	1329.3536	1343.3340	3.2487938	3.0493429	5.6807065	922.69911	0.20097105	8.6433257e-05	0.55506172	liquid
400.00000	10.000000	37.826722	0.026436338	2833.0832	3097.4466	6.2140808	2.0084068	3.0952809	582.00019	7.0420313	2.4552587e-05	0.068716074	vapor
500.00000	10.000000	30.477870	0.032810692	3047.0205	3375.1274	6.5994703	1.8467277	2.5830294	647.98332	4.7898251	2.8966036e-05	0.075923015	vapor
600.00000	10.000000	26.056612	0.038377975	3241.9784	3625.7582	6.9044746	1.8373035	2.4576372	698.75774	3.4065059	3.3117243e-05	0.087076597	vapor
700.00000	10.000000	22.937222	0.043597258	3434.0211	3869.9936	7.1693207	1.8717071	2.4370420	742.20156	2.5105611	3.7098326e-05	0.10000443	vapor
800.00000	10.000000	20.563879	0.048628957	3628.1956	4114.4851	7.4084546	1.9226802	2.4570897	781.13918	1.8992297	4.0946474e-05	0.11390361	vapor
900.00000	10.000000	18.675222	0.053546886	3826.5312	4362.0001	7.6289508	1.9799717	2.4951531	816.96370	1.4646861	4.4679224e-05	0.12833575	vapor
1000.0000	10.000000	17.126092	0.058390438	4029.8695	4613.7738	7.8348803	2.0387168	2.5411099	850.48216	1.1456051	4.8306417e-05	0.14307044	vapor
1100.0000	10.000000	15.827111	0.063182724	4238.4836	4870.3108	8.0288330	2.0963398	2.5898023	882.20675	0.90497256	undefined	undefined	vapor
1200.0000	10.000000	14.719252	0.067938235	4452.3486	5131.7310	8.2125798	2.1514468	2.6384360	912.48224	0.71937309	undefined	undefined	vapor
1300.0000	10.000000	13.761493	0.072666532	4671.2790	5397.9443	8.3874039	2.2033245	2.6854816	941.55104	0.57342867	undefined	undefined	vapor
1400.0000	10.000000	12.924209	0.077374174	4895.0053	5668.7471	8.5542803	2.2516716	2.7301344	969.58975	0.45672368	undefined	undefined	vapor
1500.0000	10.000000	12.185342	0.082065811	5123.2206	5943.8787	8.7139812	2.2964378	2.7720202	996.73111	0.36201715	undefined	undefined	vapor
200.00000	12.500000	872.73139	0.0011458279	842.56228	856.88513	2.3136574	3.3110473	4.4362992	1370.7385	-0.099138542	0.00013731964	0.66899387	liquid
300.00000	12.500000	720.58023	0.0013877705	1323.3100	1340.6571	3.2380480	3.0436193	5.5710362	944.95629	0.18015045	8.7414035e-05	0.55920916	liquid
400.00000	12.500000	49.924889	0.020030090	2789.6231	3039.9992	6.0433045	2.1507457	3.5579900	566.27571	6.8155017	2.4732734e-05	0.074130690	vapor
500.00000	12.500000	39.017529	0.025629506	3023.2169	3343.5858	6.4650469	1.8976422	2.7303984	640.82563	4.7117112	2.9150991e-05	0.078901809	vapor
600.00000	12.500000	32.997046	0.030305743	3225.8138	3604.6356	6.7828129	1.8632814	2.5316220	694.93573	3.3676937	3.3297054e-05	0.089416427	vapor
700.00000	12.500000	28.891955	0.034611712	3421.9813	3854.6277	7.0539292	1.8874174	2.4818801	740.15960	2.4875641	3.7265796e-05	0.10217946	vapor
800.00000	12.500000	25.823967	0.038723717	3618.7467	4102.7932	7.2966685	1.9331682	2.4871907	780.18615	1.8842748	4.1098981e-05	0.11610995	vapor
900.00000	12.500000	23.408373	0.042719756	3818.8592	4352.8562	7.5194405	1.9874516	2.5167110	816.72820	1.4543733	4.4816500e-05	0.13064399	vapor
1000.0000	12.500000	21.440553	0.046640589	4023.4890	4606.4964	7.7268998	2.0443160	2.5572601	850.74173	1.1381924	4.8429259e-05	0.14550181	vapor
1100.0000	12.500000	19.798126	0.050509830	4233.0822	4864.4551	7.9219293	2.1006908	2.6023108	882.81844	0.89947464	undefined	undefined	vapor
1200.0000	12.500000	18.401912	0.054342178	4447.7135	5126.9907	8.1064612	2.1549302	2.6483762	913.34953	0.71519339	undefined	undefined	vapor
1300.0000	12.500000	17.197710	0.058147276	4667.2585	5394.0995	8.2818741	2.2061818	2.6935440	942.60632	0.57018659	undefined	undefined	vapor
1400.0000	12.500000	16.146815	0.061931718	4891.4882	5665.6347	8.4492023	2.2540626	2.7367834	970.78432	0.45416626	undefined	undefined	vapor
1500.0000	12.500000	15.220661	0.065700169	5120.1223	5941.3744	8.6092565	2.2984724	2.7775795	998.02908	0.35997059	undefined	undefined	vapor
200.00000	15.000000	874.50109	0.0011435092	840.84164	857.99427	2.3099535	3.3095271	4.4238748	1379.1851	-0.10114467	0.00013792911	0.67100563	liquid
300.00000	15.000000	725.55360	0.0013782579	1317.6253	1338.2992	3.2279017	3.0386753	5.4755349	965.80342	0.16175011	8.8347846e-05	0.56320998	liquid
400.00000	15.000000	63.812081	0.015671014	2740.5926	2975.6578	5.8818856	2.3124359	4.1792670	548.87904	6.5457139	2.5018123e-05	0.081024178	vapor
500.00000	15.000000	48.013557	0.020827451	2998.3725	3310.7843	6.3479783	1.9509115	2.8947472	633.54921	4.6222106	2.9376721e-05	0.082209894	vapor
600.00000	15.000000	40.126731	0.024921043	3209.3161	3583.1318	6.6795896	1.8897117	2.6097553	691.16234	3.3247771	3.3499212e-05	0.091915603	vapor
700.00000	15.000000	34.939259	0.028621099	3409.8109	3839.1274	6.9572465	1.9032061	2.5280917	738.18492	2.4626677	3.7447028e-05	0.10445178	vapor
800.00000	15.000000	31.132421	0.032120856	3609.2417	4091.0545	7.2036776	1.9436484	2.5178200	779.29346	1.8682690	4.1260480e-05	0.11838385	vapor
900.00000	15.000000	28.167006	0.035502531	3811.1625	4343.7004	7.4287566	1.9949060	2.5384872	816.54245	1.4434034	4.4959852e-05	0.13300081	vapor
1000.0000	15.000000	25.767735	0.038808223	4017.0983	4599.2216	7.6377578	2.0498893	2.5735010	851.04147	1.1303324	4.8556282e-05	0.14796855	vapor
1100.0000	15.000000	23.774409	0.042062034	4227.6775	4858.6080	7.8338685	2.1050199	2.6148542	883.46249	0.89365377	undefined	undefined	vapor
1200.0000	15.000000	22.085366	0.045278851	4443.0783	5122.2611	8.0191870	2.1583960	2.6583258	914.24304	0.71077011	undefined	undefined	vapor
1300.0000	15.000000	20.632002	0.048468395	4663.2397	5390.2656	8.1951889	2.2090251	2.7016041	943.68304	0.56675473	undefined	undefined	vapor
1400.0000	15.000000	19.365849	0.051637293	4887.9733	5662.5327	8.3629686	2.2564426	2.7434251	971.99658	0.45145727	undefined	undefined	vapor
1500.0000	15.000000	18.251433	0.054790218	5117.0265	5938.8797	8.5233757	2.3004981	2.7831298	999.34181	0.35780056	undefined	undefined	vapor
200.00000	17.500000	876.24539	0.0011412328	839.15055	859.12212	2.3063012	3.3080244	4.4118357	1387.4997	-0.10308081	0.00013853339	0.67300373	liquid
300.00000	17.500000	730.25244	0.0013693895	1312.2514	1336.2157	3.2182744	3.0343534	5.3912975	985.45351	0.14531896	8.9241292e-05	0.56708212	liquid
400.00000	17.500000	80.235208	0.012463356	2684.2711	2902.3798	5.7210538	2.4957950	5.0525733	529.42903	6.2302552	2.5456536e-05	0.090286946	vapor
500.00000	17.500000	57.520048	0.017385243	2972.4248	3276.6665	6.2423515	2.0063277	3.0780567	626.19186	4.5215853	2.9648040e-05	0.085900653	vapor
600.00000	17.500000	47.454996	0.021072597	3192.4839	3561.2544	6.5889718	1.9165258	2.6921370	687.46210	3.2778278	3.3724649e-05	0.094585671	vapor
700.00000	17.500000	41.080888	0.024342220	3397.5128	3823.5016	6.8734412	1.9190497	2.5756532	736.29161	2.4359103	3.7642140e-05	0.10682462	vapor
800.00000	17.500000	36.489304	0.027405291	3599.6830	4079.2756	7.1236480	1.9541119	2.5489535	778.46973	1.8512401	4.1430875e-05	0.12072623	vapor
900.00000	17.500000	32.950818	0.030348260	3803.4428	4334.5374	7.3510637	2.0023311	2.5604652	816.41212	1.4317981	4.5109136e-05	0.13540618	vapor
1000.0000	17.500000	30.107307	0.033214529	4010.6986	4591.9529	7.5616175	2.0554353	2.5898224	851.38531	1.1220426	4.8687345e-05	0.15047021	vapor
1100.0000	17.500000	27.755681	0.036028660	4222.2705	4852.7720	7.7588133	2.1093263	2.6274255	884.14178	0.88752364	undefined	undefined	vapor
1200.0000	17.500000	25.769398	0.038805718	4438.4439	5117.5440	7.9449195	2.1618437	2.6682801	915.16494	0.70611421	undefined	undefined	vapor
1300.0000	17.500000	24.064207	0.041555493	4659.2231	5386.4442	8.1215103	2.2118543	2.7096588	944.78285	0.56314196	undefined	undefined	vapor
1400.0000	17.500000	22.581193	0.044284639	4884.4611	5659.4423	8.2897410	2.2588114	2.7500571	973.22784	0.44860391	undefined	undefined	vapor
1500.0000	17.500000	21.277574	0.046997838	5113.9335	5936.3956	8.4505003	2.3025150	2.7886693	1000.6703	0.35551297	undefined	undefined	vapor
200.00000	20.000000	877.96521	0.0011389973	837.48796	860.26790	2.3026988	3.3065384	4.4001609	1395.6878	-0.10495076	0.00013913269	0.67498855	liquid
300.00000	20.000000	734.71208	0.0013610774	1307.1498	1334.3714	3.2091018	3.0305372	5.3162019	1004.0716	0.13051878	9.0099586e-05	0.57084011	liquid
400.00000	20.000000	100.49973	0.0099502752	2617.8503	2816.8558	5.5525491	2.7037631	6.3675163	507.34565	5.8603615	2.6136918e-05	0.10369226	vapor
500.00000	20.000000	67.597672	0.014793409	2945.3102	3241.1784	6.1446091	2.0636213	3.2824890	618.80025	4.4100809	2.9970629e-05	0.090037593	vapor
600.00000	20.000000	54.990956	0.018184809	3175.3177	3539.0139	6.5074831	1.9436487	2.7788388	683.86078	3.2269355	3.3974341e-05	0.097438778	vapor
700.00000	20.000000	47.318283	0.021133480	3385.0909	3807.7605	6.7990362	1.9349237	2.6245314	734.49364	2.4073383	3.7851233e-05	0.10930118	vapor
800.00000	20.000000	41.894502	0.023869481	3590.0736	4067.4632	7.0530996	1.9645496	2.5805641	777.72327	1.8332196	4.1610061e-05	0.12313786	vapor
900.00000	20.000000	37.759406	0.026483467	3795.7022	4325.3716	7.2828794	2.0097232	2.5826281	816.34257	1.4195805	4.5264205e-05	0.13785999	vapor
1000.0000	20.000000	34.458879	0.029020097	4004.2913	4584.6932	7.4949957	2.0609522	2.6062132	851.77693	1.1133404	4.8822307e-05	0.15300629	vapor
1100.0000	20.000000	31.741630	0.031504369	4216.8619	4846.9493	7.6932799	2.1136094	2.6400178	884.85895	0.88109804	undefined	undefined	vapor
1200.0000	20.000000	29.453772	0.033951509	4433.8109	5112.8411	7.8801743	2.1652732	2.6782345	916.11720	0.70123660	undefined	undefined	vapor
1300.0000	20.000000	27.494153	0.036371370	4655.2091	5382.6365	8.0573537	2.2146691	2.7177047	945.90730	0.55935700	undefined	undefined	vapor
1400.0000	20.000000	25.792722	0.038770627	4880.9521	5656.3646	8.2260348	2.2611690	2.7566773	974.47933	0.44561322	undefined	undefined	vapor
1500.0000	20.000000	24.298994	0.041153968	5110.8436	5933.9230	8.3871456	2.3045229	2.7941962	1002.0156	0.35311358	undefined	undefined	vapor
200.00000	25.000000	881.33490	0.0011346425	834.24433	862.61040	2.2956364	3.3036136	4.3778290	1411.7044	-0.10850593	0.00014031713	0.67891971	liquid
300.00000	25.000000	743.02270	0.0013458539	1297.6451	1331.2915	3.1919221	3.0240911	5.1874313	1038.7100	0.10482747	9.1726755e-05	0.57805965	liquid
400.00000	25.000000	166.53576	0.0060047162	2428.5224	2578.6403	5.1399837	3.2057056	13.032132	450.82935	4.8390987	2.9287130e-05	0.16492846	supercritical
500.00000	25.000000	89.743579	0.011142858	2887.3360	3165.9074	5.9642475	2.1823668	3.7638761	604.15874	4.1554574	3.0797334e-05	0.099963042	supercritical
600.00000	25.000000	70.720343	0.014140203	3139.9954	3493.5005	6.3636641	1.9984877	2.9652966	677.06403	3.1137894	3.4550507e-05	0.10374510	supercritical
700.00000	25.000000	60.084374	0.016643262	3359.8943	3775.9758	6.6701851	1.9666616	2.7260498	731.23872	2.3449795	3.8311694e-05	0.11457753	supercritical
800.00000	25.000000	52.848451	0.018922031	3570.7152	4043.7660	6.9321885	1.9853110	2.6450917	776.49368	1.7943453	4.1994339e-05	0.12817140	supercritical
900.00000	25.000000	47.448814	0.021075342	3780.1666	4307.0502	7.1667709	2.0243938	2.6274341	816.40565	1.3934073	4.5591097e-05	0.14291191	supercritical
1000.0000	25.000000	43.196195	0.023150187	3991.4593	4570.2140	7.3820367	2.0718926	2.6391590	852.71700	1.0947724	4.9103356e-05	0.15817937	supercritical
1100.0000	25.000000	39.726140	0.025172342	4206.0443	4835.3529	7.5825043	2.1221025	2.6652372	886.41658	0.86741606	undefined	undefined	supercritical
1200.0000	25.000000	36.822494	0.027157313	4424.5520	5103.4848	7.7709757	2.1720756	2.6981246	918.12003	0.69085962	undefined	undefined	supercritical
1300.0000	25.000000	34.346498	0.029115050	4647.1912	5375.0674	7.9493302	2.2202550	2.7337574	948.23564	0.55130484	undefined	undefined	supercritical
1400.0000	25.000000	32.203779	0.031052257	4873.9449	5650.2513	8.1189094	2.2658500	2.7698727	977.04730	0.43924747	undefined	undefined	supercritical
1500.0000	25.000000	30.327269	0.032973626	5104.6746	5929.0152	8.2807207	2.3085118	2.8052057	1004.7601	0.34800178	undefined	undefined	supercritical
200.00000	30.000000	884.61663	0.0011304332	831.10344	865.01644	2.2887536	3.3007475	4.3567410	1427.2715	-0.11183534	0.00014148391	0.68280163	liquid
300.00000	30.000000	750.65867	0.0013321634	1288.9207	1328.8856	3.1760444	3.0188428	5.0803138	1070.5005	0.083183715	9.3254870e-05	0.58494331	liquid
400.00000	30.000000	357.42510	0.0027977890	2068.8750	2152.8087	4.4757348	3.4177233	25.868217	420.66789	2.6415917	4.4216947e-05	0.33992530	supercritical
500.00000	30.000000	115.06940	0.0086904081	2824.0352	3084.7474	5.7956160	2.3031696	4.3560174	590.27044	3.8608374	3.1923468e-05	0.11273943	supercritical
600.00000	30.000000	87.376651	0.011444705	3103.3991	3446.7403	6.2373259	2.0534984	3.1687968	671.00065	2.9865388	3.5235726e-05	0.11093906	supercritical
700.00000	30.000000	73.241511	0.013653459	3334.2657	3743.8694	6.5598297	1.9982107	2.8321531	728.52711	2.2761417	3.8828829e-05	0.12030307	supercritical
800.00000	30.000000	63.989577	0.015627545	3551.1946	4020.0209	6.8300434	2.0058590	2.7111220	775.66377	1.7519641	4.2412267e-05	0.13348790	supercritical
900.00000	30.000000	57.230077	0.017473330	3764.5731	4288.7730	7.0695110	2.0388885	2.6727485	816.76819	1.3650943	4.5939284e-05	0.14815362	supercritical
1000.0000	30.000000	51.975516	0.019239828	3978.6137	4555.8086	7.2879508	2.0826978	2.6722467	853.88610	1.0747783	4.9398295e-05	0.16348249	supercritical
1100.0000	30.000000	47.724819	0.020953458	4195.2326	4823.8363	7.4906064	2.1304934	2.6904558	888.15275	0.85271978	undefined	undefined	supercritical
1200.0000	30.000000	44.189256	0.022629935	4415.3070	5094.2050	7.6806524	2.1788005	2.7179594	920.26443	0.67972517	undefined	undefined	supercritical
1300.0000	30.000000	41.187394	0.024279274	4639.1901	5367.5683	7.8601778	2.2257816	2.7497375	950.67796	0.54266577	undefined	undefined	supercritical
1400.0000	30.000000	38.597835	0.025908189	4866.9549	5644.2005	8.0306504	2.2704850	2.7829936	979.70834	0.43241390	undefined	undefined	supercritical
1500.0000	30.000000	36.335407	0.027521365	5098.5219	5924.1628	8.1931580	2.3124647	2.8161455	1007.5815	0.34250874	undefined	undefined	supercritical
200.00000	35.000000	887.81614	0.0011263593	828.05870	867.48128	2.2820389	3.2979360	4.3367784	1442.4217	-0.11496070	0.00014263435	0.68663648	liquid
300.00000	35.000000	757.74224	0.0013197100	1280.8408	1327.0307	3.1612417	3.0144779	4.9892367	1099.9834	0.064613292	9.4701924e-05	0.59154539	liquid
400.00000	35.000000	474.96658	0.0021054113	1914.9156	1988.6050	4.2143412	3.0682160	11.617667	540.05557	1.3852416	5.6084805e-05	0.38560925	supercritical
500.00000	35.000000	144.24913	0.0069324508	2755.2720	2997.9077	5.6330720	2.4200828	5.0662716	578.12470	3.5299784	3.3432734e-05	0.12928381	supercritical
600.00000	35.000000	105.00479	0.0095233755	3065.6269	3398.9451	6.1228368	2.1078597	3.3879405	665.91226	2.8468460	3.6037438e-05	0.11912358	supercritical
700.00000	35.000000	86.786473	0.011522533	3308.2617	3711.5504	6.4622260	2.0293560	2.9421499	726.45917	2.2015222	3.9402571e-05	0.12649590	supercritical
800.00000	35.000000	75.310083	0.013278435	3531.5434	3996.2886	6.7408725	2.0261209	2.7783268	775.28577	1.7064449	4.2862595e-05	0.13908804	supercritical
900.00000	35.000000	67.096570	0.014903891	3748.9406	4270.5768	6.9852866	2.0531788	2.7184023	817.46139	1.3348698	4.6307460e-05	0.15358046	supercritical
1000.0000	35.000000	60.791910	0.016449557	3965.7666	4541.5011	7.2069144	2.0933558	2.7053820	855.30472	1.0535138	4.9705994e-05	0.16890930	supercritical
1100.0000	35.000000	55.734119	0.017942331	4184.4346	4812.4162	7.4117571	2.1387767	2.7156172	890.08185	0.83712172	undefined	undefined	supercritical
1200.0000	35.000000	51.551526	0.019398068	4406.0817	5085.0140	7.6033723	2.1854454	2.7377033	922.56104	0.66791790	undefined	undefined	supercritical
1300.0000	35.000000	48.015032	0.020826811	4631.2101	5360.1485	7.7840623	2.2312476	2.7656210	953.24244	0.53350530	undefined	undefined	supercritical
1400.0000	35.000000	44.973599	0.022235268	4859.9852	5638.2195	7.9554226	2.2750734	2.7960235	982.46888	0.42516430	undefined	undefined	supercritical
1500.0000	35.000000	42.322483	0.023628103	5092.3879	5919.3715	8.1186213	2.3163810	2.8270037	1010.4851	0.33667611	undefined	undefined	supercritical
200.00000	40.000000	890.93860	0.0011224118	825.10422	870.00069	2.2754818	3.2951755	4.3178382	1457.1835	-0.11790093	0.00014376960	0.69042605	liquid
300.00000	40.000000	764.36338	0.0013082783	1273.3046	1325.6358	3.1473457	3.0107855	4.9104559	1127.5503	0.048446836	9.6081154e-05	0.59790684	liquid
400.00000	40.000000	523.34025	0.0019108028	1854.9435	1931.3756	4.1144979	2.9585692	8.7312560	629.86322	0.95777127	6.1494167e-05	0.41255875	supercritical
500.00000	40.000000	177.83704	0.0056231256	2681.5606	2906.4857	5.4744262	2.5251001	5.8700595	569.22973	3.1683302	3.5414649e-05	0.15044578	supercritical
600.00000	40.000000	123.62355	0.0080890733	3026.8342	3350.3971	6.0169949	2.1606886	3.6199355	662.04687	2.6968337	3.6961526e-05	0.12838909	supercritical
700.00000	40.000000	100.70790	0.0099297076	3281.9510	3679.1393	6.3739951	2.0598826	3.0551473	725.12594	2.1219534	4.0032229e-05	0.13316828	supercritical
800.00000	40.000000	86.799056	0.011520863	3511.7967	3972.6312	6.6612396	2.0460259	2.8463362	775.40436	1.6582012	4.3343862e-05	0.14496940	supercritical
900.00000	40.000000	77.040296	0.012980220	3733.2890	4252.4978	6.9106383	2.0672376	2.7642170	818.51103	1.3029771	4.6694268e-05	0.15918606	supercritical
1000.0000	40.000000	69.639772	0.014359611	3952.9301	4527.3145	7.1354572	2.1038551	2.7384692	856.98944	1.0311384	5.0025325e-05	0.17445250	supercritical
1100.0000	40.000000	63.750130	0.015686243	4173.6586	4801.1083	7.3424804	2.1469470	2.7406657	892.21542	0.82073411	undefined	undefined	supercritical
1200.0000	40.000000	58.906563	0.016976037	4396.8816	5075.9231	7.5356561	2.1920077	2.7573216	925.01834	0.65552072	undefined	undefined	supercritical
1300.0000	40.000000	54.827477	0.018239030	4623.2551	5352.8163	7.7175027	2.2366518	2.7813853	955.93558	0.52388679	undefined	undefined	supercritical
1400.0000	40.000000	51.329691	0.019481902	4853.0389	5632.3149	7.8897436	2.2796146	2.8089467	985.33409	0.41754833	undefined	undefined	supercritical
1500.0000	40.000000	48.287509	0.020709289	5086.2751	5914.6467	8.0536278	2.3202607	2.8377690	1013.4750	0.33054355	undefined	undefined	supercritical
200.00000	50.000000	896.97055	0.0011148638	819.44512	875.18831	2.2628043	3.2897957	4.2826771	1485.6420	-0.12329001	0.00014599869	0.69787456	liquid
300.00000	50.000000	776.47715	0.0012878679	1259.5703	1323.9637	3.1217846	3.0048676	4.7800640	1178.0478	0.021537148	9.8674172e-05	0.61002827	liquid
400.00000	50.000000	577.78763	0.0017307397	1787.8181	1874.3550	4.0029161	2.8761233	6.7898948	755.43886	0.58659428	6.8074628e-05	0.44838604	supercritical
500.00000	50.000000	257.07263	0.0038899512	2528.1190	2722.6166	5.1761529	2.6658786	7.2889235	570.04002	2.3930515	4.0921807e-05	0.20590004	supercritical
600.00000	50.000000	163.71604	0.0061081371	2947.1306	3252.5375	5.8245082	2.2581994	4.1028132	658.96304	2.3759948	3.9185339e-05	0.15037115	supercritical
700.00000	50.000000	129.59033	0.0077166253	3228.7367	3614.5679	6.2178443	2.1182630	3.2856517	724.96837	1.9517819	4.1452777e-05	0.14796182	supercritical
800.00000	50.000000	110.22387	0.0090724450	3472.1698	3925.7920	6.5225073	2.0845038	2.9831344	777.26934	1.5553455	4.4392276e-05	0.15754913	supercritical
900.00000	50.000000	97.121420	0.010296390	3702.0116	4216.8311	6.7818898	2.0945614	2.8555929	821.75575	1.2352021	4.7518110e-05	0.17089970	supercritical
1000.0000	50.000000	87.404703	0.011441032	3927.3389	4499.3905	7.0130567	2.1243353	2.8041206	861.20491	0.98369758	5.0694467e-05	0.18585453	supercritical
1100.0000	50.000000	79.785235	0.012533647	4152.2045	4778.8869	7.2243995	2.1629301	2.7902100	897.12872	0.78603134	undefined	undefined	supercritical
1200.0000	50.000000	73.583189	0.013590061	4378.5791	5058.0821	7.4206590	2.2048759	2.7960514	930.43910	0.62927648	undefined	undefined	supercritical
1300.0000	50.000000	68.398571	0.014620188	4607.4361	5338.4455	7.6047874	2.2472706	2.8124722	961.72642	0.50351696	undefined	undefined	supercritical
1400.0000	50.000000	63.977053	0.015630604	4839.2282	5620.7584	7.7787645	2.2885533	2.8344164	991.39336	0.40140468	undefined	undefined	supercritical
1500.0000	50.000000	60.147268	0.016625859	5074.1219	5905.4149	7.9439994	2.3279089	2.8589809	1019.7260	0.31752750	undefined	undefined	supercritical
200.00000	60.000000	902.74470	0.0011077329	814.08901	880.55298	2.2506560	3.2845887	4.2506620	1512.8216	-0.12811247	0.00014817844	0.70515098	liquid
300.00000	60.000000	787.39131	0.0012700166	1247.2714	1323.4724	3.0986163	3.0003202	4.6755924	1223.6567	-9.2695309e-05	0.00010109139	0.62149292	liquid
400.00000	60.000000	612.41634	0.0016328761	1745.2067	1843.1793	3.9316740	2.8402596	6.0022382	847.79191	0.40851124	7.2612823e-05	0.47419212	supercritical
500.00000	60.000000	338.72867	0.0029522154	2393.1808	2570.3137	4.9355726	2.7041036	7.5206465	605.15630	1.6950209	4.7507903e-05	0.26515231	supercritical
600.00000	60.000000	206.90875	0.0048330484	2866.8127	3156.7956	5.6527034	2.3397579	4.5606788	663.55651	2.0452243	4.1877275e-05	0.17675768	supercritical
700.00000	60.000000	159.61900	0.0062649182	3175.3607	3551.2558	6.0814262	2.1719002	3.5132775	728.52981	1.7735706	4.3069202e-05	0.16460817	supercritical
800.00000	60.000000	134.12055	0.0074559790	3432.6354	3879.9942	6.4032940	2.1208293	3.1180900	781.45346	1.4470995	4.5541705e-05	0.17113882	supercritical
900.00000	60.000000	117.38768	0.0085187817	3670.9093	4182.0362	6.6725091	2.1206842	2.9454100	826.60343	1.1638056	4.8399223e-05	0.18321141	supercritical
1000.0000	60.000000	105.21582	0.0095042746	3901.9391	4472.1955	6.9099070	2.1440648	2.8684712	866.59378	0.93371793	5.1397129e-05	0.19761435	supercritical
1100.0000	60.000000	95.794128	0.010439053	4130.9331	4757.2763	7.1254798	2.1784097	2.8386861	902.93419	0.74946245	undefined	undefined	supercritical
1200.0000	60.000000	88.194671	0.011338554	4360.4421	5040.7553	7.3247550	2.2173894	2.8339086	936.55725	0.60160152	undefined	undefined	supercritical
1300.0000	60.000000	81.883715	0.012212441	4591.7635	5324.5099	7.5111133	2.2576305	2.8428458	968.07431	0.48201144	undefined	undefined	supercritical
1400.0000	60.000000	76.527979	0.013067116	4825.5453	5609.5723	7.6867866	2.2972974	2.8593008	997.90548	0.38433418	undefined	undefined	supercritical
1500.0000	60.000000	71.906183	0.013907010	5062.0797	5896.5003	7.8533413	2.3354074	2.8797101	1026.3507	0.30373834	undefined	undefined	supercritical
